1000.0078125,1000.0546875,1000.1328125,1000.3828125,1000.7578125,1001.2265625,1001.7578125,1002.4140625,1003.1328125,1003.8125,1004.5078125,1005.21875,1005.9140625,1006.625,1007.3828125,1008.1328125,1008.96875,1009.7265625,1010.4765625,1011.234375,1012.0234375,1012.8828125,1013.7578125,1014.625,1015.5078125,1016.4765625,1018.2578125,1020.109375,1021.8203125,1025.78125,1027.1171875,1028.359375,1029.265625,1029.703125,1030.21875,1030.6015625,1030.9453125,1031.2421875,1031.4609375,1031.65625,1031.8125,1031.9296875,1032.015625,1032.078125,1032.125,1032.1796875,1032.21875,1032.28125,1032.4140625,1032.4375,1032.46875,1032.4921875,1032.515625,1032.671875,1032.796875,1033.171875,1033.53125,1033.625,1033.7265625,1033.828125,1033.96875,1034.1640625,1034.40625,1034.5625,1034.671875,1034.8984375,1035.0390625,1035.265625,1035.453125,1035.6328125,1035.9140625,1036.109375,1036.453125,1036.6796875,1037.078125,1037.5625,1038.140625,1038.6171875,1041.65625,1042.734375,1043.625,1044.75,1046.046875,1047.3125,1048.6015625,1049.8671875,1050.9765625,1052.1015625,1053.2421875,1054.3984375,1055.6015625,1056.7890625,1058.078125,1059.375,1060.671875,1061.984375,1063.296875,1064.65625,1066.109375,1067.6328125,1069.1875,1071.7421875,1074.578125,1078.078125,1083.703125,1086.5390625,1088.6796875,1089.4453125,1090.4453125,1091.09375,1091.8359375,1092.34375,1092.890625,1093.4140625,1093.796875,1094.03125,1094.1875,1094.296875,1094.4765625,1094.6171875,1094.71875,1094.8046875,1094.8515625,1094.890625,1094.9375,1095.015625,1095.1484375,1095.1796875,1095.21875,1095.2421875,1095.265625,1095.421875,1095.5546875,1095.921875,1096.2734375,1096.3671875,1096.4765625,1096.6171875,1096.75,1096.921875,1097.0234375,1097.1328125,1097.3125,1097.4296875,1097.6015625,1097.7265625,1097.8359375,1098.1328125,1098.421875,1098.5546875,1099.0,1099.2890625,1099.7265625,1100.21875,1100.5390625,1101.03125,1103.1328125,1104.5859375,1105.578125,1106.5,1107.6328125,1108.921875,1110.21875,1111.484375,1112.625,1113.75,1114.8828125,1116.0234375,1117.171875,1118.2109375,1119.359375,1120.5546875,1121.8046875,1122.96875,1124.265625,1125.5703125,1126.890625,1128.3671875,1129.84375,1131.390625,1133.9296875,1136.703125,1139.9296875,1146.9375,1148.140625,1149.9375,1151.0234375,1151.8125,1152.65625,1153.2734375,1153.9140625,1154.453125,1154.8828125,1155.2578125,1155.5859375,1155.75,1155.921875,1156.046875,1156.140625,1156.21875,1156.265625,1156.3046875,1156.3515625,1156.3984375,1156.4296875,1156.5625,1156.59375,1156.609375,1156.6328125,1156.6796875,1156.8359375,1156.9609375,1157.328125,1157.6875,1157.7734375,1157.875,1157.9765625,1158.109375,1158.3125,1158.5390625,1158.6796875,1158.9140625,1159.0546875,1159.1875,1159.359375,1159.4765625,1159.765625,1159.921875,1160.1875,1160.4140625,1160.6328125,1160.890625,1161.3828125,1161.890625,1162.4140625,1165.75,1166.8359375,1167.8359375,1168.9453125,1170.234375,1171.5,1172.640625,1173.7578125,1174.859375,1175.984375,1176.9609375,1178.109375,1179.1484375,1180.2890625,1181.46875,1182.6484375,1183.9140625,1185.0859375,1186.3828125,1187.6953125,1189.0234375,1190.46875,1191.984375,1194.3671875,1196.8359375,1200.296875,1206.609375,1208.2109375,1210.40625,1211.8515625,1212.5546875,1213.3046875,1213.734375,1214.2265625,1214.7734375,1215.0078125,1215.2890625,1215.5234375,1215.6796875,1215.8125,1215.90625,1215.9765625,1216.0234375,1216.0546875,1216.1015625,1216.1484375,1216.1796875,1216.3125,1216.34375,1216.375,1216.3984375,1216.421875,1216.578125,1216.7109375,1217.078125,1217.4375,1217.5234375,1217.625,1217.765625,1217.90625,1218.0703125,1218.171875,1218.2734375,1218.3671875,1218.5546875,1218.625,1218.859375,1219.1015625,1219.2734375,1219.4296875,1219.6796875,1219.828125,1219.96875,1220.1953125,1220.421875,1220.859375,1221.4140625,1221.7109375,1222.3125,1224.5,1225.6875,1227.3828125,1228.609375,1229.75,1231.015625,1232.25,1233.3515625,1234.4609375,1235.578125,1236.5546875,1237.578125,1238.703125,1239.75,1240.90625,1242.0859375,1243.2265625,1244.3984375,1245.6953125,1247.0,1248.3125,1249.78125,1251.1640625,1253.4921875,1255.9453125,1259.0546875,1264.9453125,1266.9296875,1269.078125,1270.515625,1271.28125,1271.796875,1272.390625,1272.796875,1273.1875,1273.4921875,1273.7578125,1273.96875,1274.171875,1274.3203125,1274.4140625,1274.4921875,1274.546875,1274.5859375,1274.6328125,1274.6875,1274.71875,1274.84375,1274.875,1274.9140625,1274.9375,1274.9609375,1275.1171875,1275.2421875,1275.6171875,1275.96875,1276.0546875,1276.1484375,1276.25,1276.3828125,1276.546875,1276.7265625,1276.8515625,1277.0390625,1277.15625,1277.328125,1277.4375,1277.75,1277.8515625,1277.96875,1278.125,1278.4296875,1278.625,1278.8203125,1279.03125,1279.2578125,1279.78125,1280.453125,1283.8671875,1284.9375,1286.0,1287.265625,1288.2734375,1289.390625,1290.6640625,1291.796875,1292.78125,1293.9453125,1294.953125,1295.9765625,1297.0078125,1298.0703125,1299.171875,1300.3046875,1301.4609375,1302.71875,1303.890625,1305.171875,1306.484375,1307.8046875,1309.1875,1310.4921875,1311.8515625,1314.65625,1317.65625,1322.5703125,1325.0859375,1326.7578125,1327.3203125,1328.140625,1329.015625,1329.59375,1330.203125,1330.5078125,1330.875,1331.3125,1331.6171875,1331.8515625,1332.0,1332.1328125,1332.2265625,1332.3046875,1332.3515625,1332.390625,1332.4375,1332.4921875,1332.5234375,1332.65625,1332.6875,1332.703125,1332.71875,1332.765625,1332.9140625,1333.046875,1333.4453125,1333.78125,1333.875,1333.9765625,1334.109375,1334.265625,1334.40625,1334.5078125,1334.65625,1334.7734375,1334.9453125,1335.109375,1335.2109375,1335.34375,1335.4453125,1335.6171875,1335.7734375,1335.9296875,1336.0703125,1336.2734375,1336.4609375,1336.6640625,1336.8828125,1337.3515625,1338.0078125,1339.078125,1341.1953125,1342.28125,1343.4296875,1344.7578125,1345.8984375,1346.9921875,1348.125,1349.1171875,1350.2578125,1351.25,1352.2578125,1353.3046875,1354.4609375,1355.4765625,1356.578125,1357.71875,1358.8828125,1360.0234375,1361.28125,1362.4609375,1363.7734375,1365.1015625,1366.5859375,1368.796875,1371.203125,1374.5859375,1379.3359375,1381.375,1383.359375,1384.9765625,1385.7109375,1386.4296875,1386.9296875,1387.3125,1387.7109375,1388.0390625,1388.2890625,1388.5,1388.6484375,1388.765625,1388.859375,1388.9296875,1388.9765625,1389.0078125,1389.0546875,1389.1328125,1389.265625,1389.296875,1389.3125,1389.3359375,1389.3828125,1389.5390625,1389.6640625,1390.046875,1390.3984375,1390.4921875,1390.5859375,1390.6875,1390.8203125,1390.984375,1391.078125,1391.1875,1391.3359375,1391.46875,1391.6015625,1391.8203125,1391.953125,1392.109375,1392.4140625,1392.5390625,1392.8515625,1393.046875,1393.2421875,1393.4296875,1393.6796875,1393.921875,1394.5546875,1395.3359375,1397.25,1398.015625,1398.875,1400.046875,1401.140625,1402.3671875,1403.46875,1404.7109375,1405.7265625,1406.7421875,1407.734375,1408.8828125,1409.90625,1411.03125,1412.0390625,1413.0859375,1414.2109375,1415.375,1416.5078125,1417.765625,1418.9453125,1420.2578125,1421.5390625,1422.9140625,1425.234375,1427.625,1430.484375,1435.90625,1437.734375,1438.96875,1440.015625,1441.21875,1441.75,1442.453125,1443.046875,1443.421875,1443.8671875,1444.2421875,1444.5390625,1444.7578125,1444.921875,1445.046875,1445.140625,1445.2109375,1445.2578125,1445.2890625,1445.3359375,1445.4140625,1445.546875,1445.578125,1445.59375,1445.6171875,1445.6640625,1445.8125,1445.9375,1446.3203125,1446.671875,1446.7578125,1446.859375,1446.9609375,1447.1015625,1447.3046875,1447.515625,1447.6640625,1447.78125,1447.9609375,1448.0703125,1448.3046875,1448.5,1448.6484375,1448.8984375,1449.0859375,1449.296875,1449.515625,1449.7265625,1449.984375,1450.203125,1450.6796875,1451.5546875,1453.2421875,1454.484375,1455.3203125,1456.328125,1457.53125,1458.5234375,1459.609375,1460.8046875,1461.8359375,1462.8828125,1463.859375,1464.828125,1465.84375,1466.9609375,1467.9765625,1469.078125,1470.203125,1471.3359375,1472.4609375,1473.6328125,1474.7734375,1476.078125,1477.3671875,1478.734375,1480.03125,1481.3828125,1484.1328125,1487.0703125,1492.2890625,1494.1171875,1495.3125,1496.140625,1497.203125,1497.6640625,1498.3359375,1498.84375,1499.3828125,1499.8125,1500.1015625,1500.359375,1500.59375,1500.7265625,1500.8515625,1500.9375,1501.0078125,1501.046875,1501.078125,1501.125,1501.171875,1501.203125,1501.3359375,1501.3671875,1501.3828125,1501.3984375,1501.4453125,1501.59375,1501.7265625,1502.09375,1502.453125,1502.546875,1502.6484375,1502.75,1502.8984375,1503.0625,1503.15625,1503.2890625,1503.4375,1503.546875,1503.703125,1503.859375,1504.15625,1504.4609375,1504.5703125,1504.6953125,1504.78125,1505.15625,1505.46875,1505.921875,1506.34375,1506.859375,1507.2265625,1509.4765625,1510.34375,1511.8125,1512.875,1514.0546875,1515.09375,1516.265625,1517.2734375,1518.3125,1519.3359375,1520.4765625,1521.4609375,1522.484375,1523.6171875,1524.625,1525.7734375,1526.8984375,1528.0234375,1529.1953125,1530.3359375,1531.640625,1533.0859375,1534.4140625,1536.8125,1539.5546875,1541.8828125,1546.8828125,1549.3046875,1550.4296875,1551.1953125,1552.3671875,1553.109375,1553.671875,1553.9921875,1554.515625,1554.875,1555.1875,1555.40625,1555.5859375,1555.7421875,1555.859375,1555.953125,1556.0234375,1556.0703125,1556.1015625,1556.1484375,1556.203125,1556.234375,1556.3671875,1556.3984375,1556.4140625,1556.4296875,1556.4765625,1556.625,1556.75,1557.1328125,1557.484375,1557.578125,1557.671875,1557.78125,1557.9140625,1558.0,1558.1015625,1558.171875,1558.2890625,1558.4140625,1558.5859375,1558.7578125,1558.8984375,1559.015625,1559.28125,1559.578125,1559.71875,1559.8125,1559.8515625,1560.0234375,1560.203125,1560.40625,1560.6015625,1561.09375,1561.640625,1562.7265625,1565.0234375,1565.8671875,1566.9140625,1567.9609375,1569.0234375,1570.359375,1571.40625,1572.3515625,1573.375,1574.3984375,1575.4140625,1576.40625,1577.421875,1578.546875,1579.5625,1580.65625,1581.8125,1582.9375,1584.1953125,1585.375,1586.6484375,1587.9609375,1589.2890625,1591.6875,1594.421875,1596.9921875,1602.5,1604.0546875,1605.5703125,1606.375,1607.046875,1607.46875,1608.25,1608.8515625,1609.3671875,1609.6796875,1609.9921875,1610.203125,1610.3828125,1610.5390625,1610.65625,1610.75,1610.8203125,1610.890625,1610.9375,1611.0078125,1611.140625,1611.171875,1611.1875,1611.2109375,1611.234375,1611.2578125,1611.4140625,1611.5390625,1611.921875,1612.28125,1612.3671875,1612.4609375,1612.5703125,1612.71875,1612.8828125,1613.078125,1613.25,1613.3125,1613.515625,1613.671875,1613.734375,1613.8515625,1614.0078125,1614.1484375,1614.265625,1614.453125,1614.625,1614.8046875,1614.9921875,1615.203125,1615.4140625,1615.640625,1615.890625,1616.4765625,1617.0703125,1618.84375,1619.9296875,1620.9375,1621.75,1622.84375,1623.90625,1624.9609375,1626.140625,1627.15625,1628.171875,1629.1875,1630.1796875,1631.1640625,1632.1875,1633.3203125,1634.328125,1635.4765625,1636.6015625,1637.734375,1638.8671875,1640.046875,1641.3203125,1642.5078125,1643.8359375,1646.1875,1648.921875,1651.484375,1657.109375,1658.7109375,1660.140625,1661.53125,1662.2890625,1662.828125,1663.375,1663.7734375,1664.1484375,1664.4296875,1664.671875,1664.8828125,1665.0234375,1665.1484375,1665.2421875,1665.3046875,1665.3515625,1665.3828125,1665.421875,1665.4765625,1665.5078125,1665.640625,1665.671875,1665.6875,1665.703125,1665.75,1665.8984375,1666.0234375,1666.40625,1666.7578125,1666.8515625,1666.9453125,1667.0625,1667.203125,1667.390625,1667.59375,1667.703125,1667.8125,1668.015625,1668.1875,1668.34375,1668.4921875,1668.6328125,1668.78125,1668.9140625,1669.1015625,1669.28125,1669.4765625,1669.6796875,1669.890625,1670.1171875,1670.3671875,1670.9453125,1671.8046875,1673.5703125,1674.4921875,1676.2265625,1677.2421875,1678.296875,1679.484375,1680.625,1681.6171875,1682.640625,1683.6484375,1684.640625,1685.625,1686.609375,1687.59375,1688.609375,1689.7109375,1690.84375,1691.984375,1693.1484375,1694.296875,1695.6015625,1696.875,1698.203125,1700.2578125,1702.59375,1705.3046875,1710.734375,1712.40625,1714.203125,1715.578125,1716.171875,1716.84375,1717.3671875,1717.8671875,1718.25,1718.6484375,1718.8515625,1719.0390625,1719.1875,1719.3046875,1719.3984375,1719.46875,1719.515625,1719.546875,1719.59375,1719.640625,1719.671875,1719.8046875,1719.8359375,1719.8671875,1719.890625,1719.9140625,1720.0703125,1720.203125,1720.5703125,1720.9375,1721.0234375,1721.125,1721.234375,1721.375,1721.546875,1721.6015625,1721.75,1721.8203125,1722.0078125,1722.1640625,1722.3125,1722.3828125,1722.6328125,1722.9140625,1723.0625,1723.1328125,1723.3671875,1723.671875,1723.8359375,1724.1484375,1724.71875,1725.265625,1725.796875,1728.484375,1729.5390625,1730.390625,1731.2421875,1732.390625,1733.4453125,1734.578125,1735.65625,1736.6796875,1737.6484375,1738.6171875,1739.59375,1740.6171875,1741.6171875,1742.7421875,1743.75,1744.8828125,1746.015625,1747.1484375,1748.2890625,1749.59375,1750.875,1752.1953125,1754.5859375,1757.2734375,1759.59375,1764.8359375,1766.9375,1768.390625,1769.625,1770.3125,1770.9609375,1771.28125,1771.765625,1772.1171875,1772.3984375,1772.6796875,1772.8984375,1773.0625,1773.1640625,1773.2578125,1773.3203125,1773.3671875,1773.3984375,1773.4453125,1773.4921875,1773.5234375,1773.65625,1773.6875,1773.703125,1773.7265625,1773.7734375,1773.921875,1774.0390625,1774.4375,1774.78125,1774.859375,1774.9453125,1775.0390625,1775.15625,1775.3125,1775.4921875,1775.671875,1775.8359375,1775.96875,1776.1875,1776.296875,1776.4609375,1776.640625,1776.8046875,1777.0703125,1777.234375,1777.4140625,1777.578125,1777.71875,1778.078125,1778.5703125,1778.8984375,1779.890625,1781.609375,1782.640625,1783.34375,1784.328125,1785.5078125,1786.7265625,1787.96875,1789.0625,1789.921875,1790.953125,1791.8046875,1792.7890625,1793.765625,1794.625,1795.59375,1796.59375,1797.6171875,1798.7421875,1799.84375,1801.0078125,1802.1484375,1803.453125,1804.734375,1806.0546875,1808.4453125,1811.1328125,1814.2421875,1818.5078125,1820.359375,1821.921875,1822.7890625,1823.46875,1823.875,1824.6171875,1825.078125,1825.640625,1826.03125,1826.2421875,1826.578125,1826.8203125,1826.984375,1827.0859375,1827.1796875,1827.2421875,1827.28125,1827.3125,1827.3515625,1827.3984375,1827.4296875,1827.5625,1827.5859375,1827.6171875,1827.640625,1827.6640625,1827.8203125,1827.9453125,1828.3359375,1828.6796875,1828.765625,1828.859375,1828.9609375,1829.0859375,1829.25,1829.453125,1829.6328125,1829.78125,1829.9140625,1830.0390625,1830.265625,1830.453125,1830.609375,1831.0078125,1831.171875,1831.359375,1831.921875,1832.1796875,1832.5078125,1833.3828125,1835.3203125,1836.375,1837.359375,1838.3359375,1839.53125,1840.640625,1841.765625,1842.90625,1843.8984375,1844.875,1845.734375,1846.7109375,1847.59375,1848.5859375,1849.484375,1850.46875,1851.53125,1852.671875,1853.703125,1854.8515625,1855.9921875,1857.265625,1858.578125,1859.765625,1862.109375,1864.6875,1866.8984375,1871.90625,1874.0234375,1875.6640625,1876.8671875,1877.71875,1878.2265625,1878.703125,1879.078125,1879.5078125,1879.7734375,1880.015625,1880.2265625,1880.3671875,1880.4921875,1880.5859375,1880.6484375,1880.6953125,1880.7265625,1880.7734375,1880.8203125,1880.8515625,1880.984375,1881.015625,1881.046875,1881.0703125,1881.09375,1881.25,1881.375,1881.7578125,1882.109375,1882.1875,1882.2734375,1882.3828125,1882.5,1882.6484375,1882.8203125,1882.96875,1883.140625,1883.265625,1883.4453125,1883.6015625,1883.84375,1883.9609375,1884.1484375,1884.3125,1884.484375,1884.6640625,1884.8515625,1885.0546875,1885.234375,1885.5,1885.7578125,1886.3984375,1886.7734375,1889.7109375,1890.8515625,1891.5703125,1892.7578125,1893.84375,1895.0703125,1896.3359375,1897.1640625,1898.1484375,1899.140625,1900.015625,1900.9921875,1901.8828125,1902.8828125,1903.875,1904.8828125,1906.015625,1907.1171875,1908.28125,1909.421875,1910.6953125,1912.0078125,1913.1640625,1915.390625,1918.0625,1919.921875,1924.8984375,1927.1953125,1928.84375,1930.2421875,1930.8828125,1931.5078125,1932.0,1932.5703125,1932.9921875,1933.203125,1933.4140625,1933.6640625,1933.8515625,1933.953125,1934.03125,1934.1015625,1934.1484375,1934.1796875,1934.2265625,1934.2734375,1934.3046875,1934.4296875,1934.4609375,1934.5,1934.5234375,1934.546875,1934.6953125,1934.8203125,1935.203125,1935.5546875,1935.6328125,1935.7109375,1935.796875,1935.90625,1936.0234375,1936.171875,1936.34375,1936.453125,1936.5859375,1936.8515625,1937.0078125,1937.15625,1937.2421875,1937.515625,1937.828125,1938.0078125,1938.2421875,1938.5546875,1938.78125,1938.984375,1939.828125,1940.828125,1942.5390625,1943.28125,1944.703125,1945.6640625,1946.453125,1947.4453125,1948.40625,1949.4609375,1950.6328125,1951.78125,1952.9453125,1953.984375,1955.125,1956.296875,1957.46875,1958.484375,1959.59375,1960.6015625,1961.7421875,1962.8828125,1964.15625,1965.34375,1966.625,1969.015625,1971.734375,1974.234375,1978.6484375,1980.6015625,1981.9765625,1982.9375,1983.3671875,1984.0859375,1984.8046875,1985.3125,1985.765625,1986.140625,1986.4375,1986.6640625,1986.921875,1987.078125,1987.1875,1987.2890625,1987.3515625,1987.421875,1987.46875,1987.515625,1987.546875,1987.6796875,1987.7109375,1987.7421875,1987.7890625,1987.9296875,1988.0390625,1988.4453125,1988.734375,1988.8515625,1988.953125,1989.0859375,1989.1640625,1989.2421875,1989.34375,1989.4609375,1989.609375,1989.78125,1989.9140625,1990.15625,1990.4140625,1990.515625,1990.625,1990.796875,1990.953125,1991.0859375,1991.296875,1991.484375,1991.6796875,1991.8515625,1992.1171875,1992.375,1993.1015625,1993.65625,1995.984375,1996.8984375,1998.40625,2000.0
-71.272,-71.093,-70.889,-70.403,-69.811,-69.166,-68.501,-67.746,-66.978,-66.302,-65.657,-65.039,-64.475,-63.933,-63.394,-62.896,-62.38,-61.945,-61.543,-61.164,-60.795,-60.421,-60.067,-59.741,-59.431,-59.114,-58.586,-58.095,-57.679,-56.766,-56.437,-56.091,-55.784,-55.61,-55.366,-55.139,-54.884,-54.606,-54.334,-54.016,-53.659,-53.265,-52.825,-52.324,-51.685,-49.788,-46.28,-35.481,12.988,17.451,19.556,19.049,17.441,1.0755,-8.8861,-32.12,-58.609,-63.621,-67.192,-69.56,-71.857,-73.829,-75.313,-75.966,-76.275,-76.794,-77.044,-77.301,-77.428,-77.5,-77.553,-77.542,-77.413,-77.3,-77.067,-76.706,-76.216,-75.789,-72.999,-72.057,-71.303,-70.384,-69.371,-68.43,-67.521,-66.676,-65.977,-65.306,-64.667,-64.06,-63.471,-62.931,-62.389,-61.888,-61.428,-61.002,-60.611,-60.24,-59.877,-59.531,-59.209,-58.736,-58.277,-57.778,-57.044,-56.656,-56.32,-56.181,-55.975,-55.817,-55.607,-55.437,-55.201,-54.91,-54.629,-54.41,-54.227,-54.069,-53.729,-53.345,-52.929,-52.392,-51.885,-51.148,-48.893,-38.779,8.9613,16.256,19.266,18.699,17.093,0.91267,-9.6208,-32.549,-58.453,-63.476,-67.319,-70.338,-72.198,-73.852,-74.56,-75.167,-75.885,-76.259,-76.673,-76.912,-77.076,-77.361,-77.501,-77.542,-77.486,-77.366,-77.118,-76.763,-76.512,-76.091,-74.151,-72.846,-71.988,-71.215,-70.301,-69.305,-68.35,-67.466,-66.71,-66.002,-65.329,-64.691,-64.088,-63.577,-63.047,-62.536,-62.041,-61.614,-61.176,-60.771,-60.394,-60.009,-59.657,-59.32,-58.826,-58.351,-57.859,-56.878,-56.695,-56.395,-56.185,-56.012,-55.795,-55.605,-55.373,-55.115,-54.848,-54.559,-54.241,-54.007,-53.665,-53.306,-52.907,-52.377,-51.847,-51.057,-48.584,-43.505,-37.889,10.097,16.85,18.533,19.296,16.795,0.58183,-9.3055,-32.169,-58.518,-63.151,-66.833,-69.271,-71.532,-73.647,-75.087,-75.712,-76.394,-76.71,-76.922,-77.145,-77.265,-77.433,-77.463,-77.473,-77.42,-77.338,-77.209,-76.892,-76.488,-76.036,-72.972,-72.022,-71.18,-70.28,-69.279,-68.344,-67.543,-66.796,-66.096,-65.42,-64.865,-64.249,-63.727,-63.189,-62.671,-62.191,-61.714,-61.306,-60.889,-60.501,-60.139,-59.778,-59.431,-58.941,-58.49,-57.928,-56.985,-56.732,-56.34,-56.014,-55.824,-55.574,-55.403,-55.166,-54.833,-54.643,-54.339,-53.983,-53.664,-53.251,-52.813,-52.29,-51.699,-51.003,-48.399,-43.186,-37.265,10.961,17.342,19.39,18.889,17.311,1.1154,-9.4178,-32.209,-58.527,-63.15,-66.873,-70.034,-72.061,-73.689,-74.413,-74.995,-75.433,-76.09,-76.289,-76.78,-77.103,-77.257,-77.347,-77.417,-77.425,-77.409,-77.355,-77.269,-77.026,-76.621,-76.384,-75.854,-73.819,-72.741,-71.28,-70.276,-69.384,-68.44,-67.567,-66.826,-66.118,-65.444,-64.886,-64.333,-63.761,-63.262,-62.747,-62.259,-61.82,-61.402,-60.974,-60.578,-60.21,-59.833,-59.506,-59.009,-58.542,-58.012,-57.09,-56.761,-56.355,-56.021,-55.807,-55.633,-55.381,-55.177,-54.92,-54.661,-54.357,-54.027,-53.626,-53.226,-52.853,-52.357,-51.805,-51.089,-48.947,-43.066,-37.073,8.7979,16.2,19.33,18.806,17.221,1.0416,-8.9179,-32.177,-57.953,-62.689,-66.279,-68.861,-71.234,-73.121,-74.437,-75.093,-75.838,-76.21,-76.593,-76.793,-77.198,-77.285,-77.359,-77.394,-77.412,-77.374,-77.311,-77.219,-77.095,-76.738,-76.206,-73.008,-72.052,-71.143,-70.107,-69.319,-68.483,-67.576,-66.812,-66.181,-65.473,-64.894,-64.339,-63.811,-63.3,-62.805,-62.329,-61.877,-61.422,-61.03,-60.633,-60.258,-59.91,-59.573,-59.278,-58.991,-58.453,-57.934,-57.138,-56.704,-56.368,-56.239,-56.024,-55.774,-55.581,-55.319,-55.162,-54.931,-54.577,-54.264,-53.948,-53.645,-53.25,-52.832,-52.303,-51.768,-50.975,-48.496,-42.224,-35.469,12.517,17.985,19.084,19.322,16.721,1.2643,-9.2781,-33.958,-58.151,-63.154,-66.832,-69.844,-72.091,-73.481,-74.202,-75.043,-75.558,-76.109,-76.504,-76.707,-76.899,-77.015,-77.168,-77.26,-77.315,-77.336,-77.334,-77.299,-77.232,-77.133,-76.848,-76.36,-75.383,-73.377,-72.392,-71.389,-70.287,-69.387,-68.563,-67.749,-67.068,-66.325,-65.711,-65.119,-64.538,-63.934,-63.437,-62.931,-62.442,-61.978,-61.556,-61.124,-60.748,-60.362,-60.001,-59.629,-59.129,-58.641,-58.027,-57.231,-56.875,-56.485,-56.106,-55.883,-55.631,-55.415,-55.209,-54.94,-54.654,-54.362,-54.034,-53.709,-53.343,-52.912,-52.403,-51.84,-51.197,-48.823,-38.319,10.069,17.029,18.776,19.592,17.115,0.86712,-9.007,-32.625,-58.249,-63.286,-66.701,-69.181,-71.381,-73.173,-73.916,-74.607,-75.36,-75.845,-76.247,-76.728,-76.958,-77.151,-77.333,-77.363,-77.39,-77.353,-77.289,-77.206,-77.071,-76.915,-76.447,-75.746,-73.907,-73.19,-72.408,-71.383,-70.469,-69.491,-68.655,-67.758,-67.061,-66.396,-65.778,-65.101,-64.532,-63.944,-63.449,-62.966,-62.48,-62.012,-61.588,-61.152,-60.773,-60.382,-60.03,-59.679,-59.144,-58.651,-58.118,-57.182,-56.85,-56.606,-56.377,-56.075,-55.918,-55.676,-55.425,-55.239,-54.96,-54.665,-54.358,-54.029,-53.683,-53.305,-52.872,-52.357,-51.786,-51.133,-48.712,-38.075,10.232,17.051,18.744,19.511,16.988,1.4831,-8.541,-32.241,-57.991,-62.73,-66.515,-69.015,-71.428,-73.538,-74.886,-75.521,-75.921,-76.411,-76.644,-76.957,-77.139,-77.233,-77.31,-77.317,-77.286,-77.217,-77.123,-76.984,-76.841,-76.478,-75.708,-74.094,-72.934,-72.18,-71.301,-70.3,-69.511,-68.685,-67.819,-67.108,-66.421,-65.811,-65.236,-64.664,-64.072,-63.565,-63.05,-62.558,-62.096,-61.669,-61.254,-60.879,-60.481,-60.118,-59.76,-59.446,-59.139,-58.571,-58.022,-57.099,-56.749,-56.496,-56.302,-56.013,-55.869,-55.615,-55.379,-55.069,-54.756,-54.481,-54.18,-53.82,-53.506,-53.099,-52.643,-52.057,-51.517,-50.751,-47.853,-42.32,-35.638,12.454,18.001,19.131,19.386,16.806,1.3673,-9.1692,-31.801,-57.906,-62.981,-66.676,-69.152,-71.51,-73.243,-73.943,-74.75,-75.427,-75.84,-76.312,-76.66,-77.032,-77.256,-77.304,-77.337,-77.346,-77.267,-77.151,-76.877,-76.559,-76.12,-75.781,-73.63,-72.822,-71.513,-70.613,-69.66,-68.86,-67.999,-67.295,-66.603,-65.954,-65.271,-64.713,-64.166,-63.596,-63.121,-62.613,-62.15,-61.718,-61.299,-60.919,-60.517,-60.106,-59.757,-59.187,-58.609,-58.161,-57.26,-56.796,-56.557,-56.378,-56.066,-55.824,-55.603,-55.453,-55.161,-54.899,-54.61,-54.34,-54.054,-53.71,-53.337,-52.901,-52.384,-51.805,-51.136,-48.627,-42.346,-35.563,12.946,18.373,19.429,19.625,16.929,1.3808,-8.5863,-32.239,-57.934,-63.042,-66.535,-69.246,-71.41,-72.415,-73.374,-73.927,-74.638,-75.263,-75.907,-76.403,-76.716,-76.913,-77.169,-77.328,-77.373,-77.385,-77.366,-77.345,-77.299,-77.221,-77.123,-76.808,-76.388,-75.375,-73.167,-72.394,-71.469,-70.582,-69.723,-68.696,-67.932,-67.273,-66.591,-65.943,-65.333,-64.768,-64.221,-63.651,-63.168,-62.68,-62.199,-61.763,-61.31,-60.916,-60.522,-60.145,-59.792,-59.214,-58.63,-58.13,-57.119,-56.81,-56.475,-56.276,-56.091,-55.961,-55.685,-55.413,-55.118,-54.893,-54.596,-54.332,-54.042,-53.692,-53.307,-52.83,-52.275,-51.035,-48.313,-38.743,9.6372,16.852,18.711,19.653,18.99,17.31,1.0733,-8.8124,-32.387,-58.448,-63.067,-66.499,-69.189,-71.573,-73.317,-74.643,-75.433,-75.661,-76.28,-76.634,-76.745,-76.898,-77.062,-77.169,-77.23,-77.291,-77.308,-77.294,-77.25,-77.171,-77.067,-76.933,-76.762,-76.312,-75.77,-74.059,-73.038,-72.113,-71.4,-70.478,-69.622,-68.81,-67.945,-67.238,-66.563,-65.921,-65.325,-64.765,-64.214,-63.64,-63.162,-62.651,-62.184,-61.745,-61.336,-60.94,-60.543,-60.199,-59.84,-59.265,-58.671,-58.164,-57.116,-56.79,-56.464,-56.089,-55.837,-55.631,-55.367,-55.131,-54.863,-54.617,-54.324,-53.983,-53.659,-53.24,-52.768,-52.27,-51.64,-50.876,-48.664,-42.423,-35.734,12.71,18.253,19.365,19.599,16.965,1.4709,-8.5199,-32.154,-57.824,-62.939,-66.408,-69.322,-71.581,-73.455,-74.789,-75.324,-75.742,-76.314,-76.656,-76.902,-77.05,-77.154,-77.23,-77.27,-77.292,-77.279,-77.233,-77.158,-77.054,-76.92,-76.749,-76.305,-75.516,-73.804,-72.938,-71.387,-70.527,-69.673,-68.758,-67.923,-67.232,-66.552,-65.915,-65.319,-64.759,-64.229,-63.727,-63.24,-62.744,-62.267,-61.819,-61.394,-61.003,-60.591,-60.218,-59.857,-59.347,-58.824,-58.272,-57.246,-56.913,-56.512,-56.142,-55.955,-55.701,-55.461,-55.18,-54.909,-54.555,-54.309,-53.998,-53.671,-53.298,-52.86,-52.339,-51.756,-51.082,-48.562,-43.391,-37.573,10.959,17.472,19.584,19.102,17.536,1.3491,-9.1327,-31.677,-58.308,-62.933,-66.669,-69.346,-71.601,-73.393,-73.823,-74.714,-75.061,-75.812,-76.286,-76.628,-76.752,-77.042,-77.241,-77.308,-77.326,-77.315,-77.239,-77.181,-77.014,-76.617,-76.149,-75.661,-73.077,-72.11,-71.362,-70.638,-69.706,-68.889,-68.054,-67.298,-66.615,-65.999,-65.414,-64.853,-64.297,-63.785,-63.243,-62.787,-62.308,-61.86,-61.443,-61.051,-60.635,-60.256,-59.893,-59.298,-58.703,-58.233,-57.232,-56.8,-56.461,-56.12,-55.888,-55.64,-55.493,-55.223,-54.973,-54.717,-54.384,-54.026,-53.641,-53.306,-52.854,-52.382,-51.803,-51.134,-48.632,-43.567,-37.969,10.578,17.338,18.983,19.678,17.064,1.525,-7.9153,-32.548,-57.729,-62.145,-65.611,-68.208,-70.484,-72.496,-74.029,-75.057,-75.687,-76.11,-76.597,-76.799,-77.018,-77.181,-77.242,-77.301,-77.279,-77.277,-77.244,-77.196,-76.982,-76.628,-76.358,-75.442,-73.773,-72.801,-72.158,-71.292,-70.301,-69.329,-68.392,-67.609,-67.02,-66.346,-65.815,-65.229,-64.679,-64.218,-63.725,-63.245,-62.783,-62.306,-61.871,-61.441,-61.049,-60.632,-60.252,-59.889,-59.292,-58.695,-58.068,-57.249,-56.867,-56.506,-56.279,-56.078,-55.944,-55.663,-55.442,-55.11,-54.812,-54.613,-54.206,-53.816,-53.413,-53.051,-52.509,-51.937,-51.314,-50.387,-47.699,-42.032,-35.047,13.072,17.429,19.463,18.95,17.367,1.2173,-8.6944,-32.586,-57.229,-62.053,-65.8,-68.5,-70.762,-72.71,-74.292,-75.237,-75.757,-76.119,-76.392,-76.777,-76.965,-77.088,-77.235,-77.244,-77.219,-76.936,-76.768,-76.516,-75.747,-73.876,-72.879,-71.981,-71.131,-70.136,-69.258,-68.411,-67.595,-66.919,-66.285,-65.753,-65.175,-64.679,-64.15,-63.696,-63.226,-62.748,-62.268,-61.862,-61.438,-61.046,-60.639,-60.25,-59.921,-59.331,-58.75,-58.293,-57.319,-56.883,-56.499,-56.164,-55.879,-55.678,-55.457,-55.243,-54.928,-54.671,-54.367,-54.02,-53.701,-53.3,-52.846,-52.373,-51.791,-51.118,-48.6,-43.424,-37.593,11.094,17.595,19.694,19.2,17.62,1.3808,-8.556,-32.079,-57.747,-62.136,-65.627,-68.58,-70.708,-72.576,-74.029,-74.902,-75.6,-76.004,-76.444,-76.731,-77.011,-77.102,-77.202,-77.247,-77.26,-77.242,-77.194,-77.116,-77.026,-76.868,-76.688,-76.186,-75.845,-73.001,-71.957,-71.329,-70.331,-69.462,-68.529,-67.62,-67.053,-66.408,-65.789,-65.269,-64.717,-64.238,-63.73,-63.253,-62.797,-62.317,-61.88,-61.45,-61.057,-60.648,-60.257,-59.936,-59.369,-58.762,-58.372,-57.396,-56.919,-56.534,-56.151,-55.94,-55.695,-55.467,-55.141,-54.832,-54.618,-54.344,-53.913,-53.49,-53.148,-52.766,-52.228,-51.633,-50.944,-48.376,-43.111,-37.066,9.1379,16.528,19.558,18.981,17.355,1.8878,-8.18,-31.709,-56.929,-61.456,-64.851,-67.465,-69.842,-71.577,-73.105,-74.353,-74.914,-75.476,-76.274,-76.613,-76.856,-76.96,-77.145,-77.243,-77.262,-77.201,-77.076,-76.953,-76.82,-76.152,-75.214,-73.551,-72.853,-71.572,-70.748,-70.098,-69.312,-68.584,-67.82,-67.014,-66.266,-65.552,-64.95,-64.328,-63.729,-63.17,-62.715,-62.25,-61.854,-61.433,-61.041,-60.633,-60.279,-59.922,-59.316,-58.701,-58.183,-57.311,-56.899,-56.576,-56.322,-56.193,-55.957,-55.675,-55.436,-55.176,-54.913,-54.649,-54.363,-53.926,-53.578,-53.208,-52.673,-52.156,-50.887,-48.099,-42.653,-36.187,12.324,18.08,19.605,17.112,2.3417,-6.7275,-31.889,-53.268,-60.706,-65.176,-68.795,-70.255,-71.375,-72.53,-73.546,-74.544,-75.399,-75.883,-76.455,-76.869,-76.99,-77.089,-77.174,-77.221,-77.236,-77.228,-77.188,-77.119,-77.038,-76.887,-76.712,-76.148,-75.629,-73.359,-72.508,-71.175,-69.856
