1000.0078125,1000.0546875,1000.140625,1000.28125,1000.4921875,1000.8359375,1001.28125,1002.703125,1002.875,1002.921875,1002.953125,1003.0,1003.0859375,1003.2421875,1003.3046875,1003.359375,1003.453125,1003.4765625,1003.5078125,1003.5546875,1003.6953125,1003.8046875,1003.9296875,1004.3125,1004.6484375,1004.7890625,1004.8828125,1005.0,1005.1328125,1005.2890625,1005.4609375,1005.65625,1005.8671875,1006.1015625,1006.3125,1006.53125,1006.6484375,1006.7734375,1006.8984375,1007.03125,1007.171875,1007.3125,1007.4609375,1007.609375,1007.7734375,1007.9375,1008.296875,1008.5546875,1008.828125,1009.453125,1010.2109375,1011.0390625,1011.6015625,1011.96875,1012.0859375,1012.1796875,1012.2421875,1012.2890625,1012.3359375,1012.3671875,1012.484375,1012.5390625,1012.6796875,1012.75,1012.828125,1012.9453125,1012.9765625,1012.9921875,1013.015625,1013.046875,1013.078125,1013.25,1013.3828125,1013.734375,1014.015625,1014.15625,1014.234375,1014.328125,1014.4296875,1014.546875,1014.6796875,1014.828125,1014.984375,1015.15625,1015.375,1015.6171875,1015.75,1015.8828125,1016.0234375,1016.171875,1016.328125,1016.484375,1016.6484375,1016.828125,1017.0078125,1017.203125,1017.40625,1017.625,1017.875,1018.1328125,1018.4140625,1018.7109375,1019.03125,1019.375,1020.1484375,1021.28125,1021.8203125,1022.265625,1022.59375,1022.84375,1023.015625,1023.140625,1023.21875,1023.265625,1023.296875,1023.3203125,1023.359375,1023.4140625,1023.4609375,1023.65625,1023.7265625,1023.8125,1023.9375,1023.96875,1023.984375,1024.0078125,1024.0390625,1024.078125,1024.2421875,1024.3671875,1025.0078125,1025.171875,1025.265625,1025.3671875,1025.5703125,1025.8046875,1025.9375,1026.078125,1026.2265625,1026.3828125,1026.546875,1026.7265625,1026.9140625,1027.109375,1027.3203125,1027.546875,1027.6640625,1027.7890625,1027.9140625,1028.046875,1028.1796875,1028.3203125,1028.6171875,1028.9375,1029.28125,1029.65625,1030.0625,1030.5078125,1031.0,1031.734375,1032.5859375,1033.328125,1033.8828125,1034.21875,1034.4453125,1034.578125,1034.65625,1034.703125,1034.7421875,1034.8203125,1034.8671875,1035.0625,1035.140625,1035.21875,1035.3359375,1035.3671875,1035.40625,1035.4375,1035.46875,1035.7421875,1036.40625,1036.5703125,1036.6640625,1036.7734375,1036.9765625,1037.09375,1037.21875,1037.3515625,1037.4921875,1037.640625,1037.8046875,1037.96875,1038.1484375,1038.3359375,1038.5390625,1038.7578125,1038.984375,1039.1015625,1039.2265625,1039.3515625,1039.484375,1039.625,1039.765625,1040.0625,1040.3828125,1040.7265625,1041.1015625,1041.5078125,1041.9609375,1042.4609375,1043.203125,1044.0546875,1044.7890625,1045.3359375,1045.671875,1045.890625,1046.0234375,1046.1015625,1046.1484375,1046.1796875,1046.3046875,1046.5078125,1046.5859375,1046.6640625,1046.78125,1046.8125,1046.8515625,1046.8828125,1046.9140625,1047.1875,1047.8515625,1048.015625,1048.109375,1048.21875,1048.421875,1048.5390625,1048.6640625,1048.796875,1048.9375,1049.0859375,1049.25,1049.4140625,1049.59375,1049.78125,1049.984375,1050.203125,1050.4296875,1050.546875,1050.671875,1050.796875,1050.9296875,1051.0625,1051.203125,1051.5,1051.8203125,1052.1640625,1052.53125,1052.9375,1053.375,1053.8671875,1054.6015625,1055.4375,1056.1796875,1056.734375,1057.078125,1057.3046875,1057.4453125,1057.5234375,1057.5703125,1057.6015625,1057.7265625,1057.78125,1057.9375,1058.0078125,1058.0859375,1058.2109375,1058.2421875,1058.2578125,1058.28125,1058.3125,1058.3515625,1058.515625,1058.640625,1059.28125,1059.4453125,1059.5390625,1059.640625,1059.84375,1060.078125,1060.2109375,1060.3515625,1060.5,1060.6640625,1060.8359375,1061.015625,1061.203125,1061.40625,1061.625,1061.8515625,1061.96875,1062.09375,1062.21875,1062.3515625,1062.4921875,1062.6328125,1062.9296875,1063.25,1063.59375,1063.96875,1064.375,1064.8203125,1065.3203125,1066.0546875,1066.8984375,1067.625,1068.1640625,1068.4921875,1068.7109375,1068.84375,1068.921875,1068.96875,1069.0078125,1069.0859375,1069.1328125,1069.328125,1069.40625,1069.484375,1069.6015625,1069.6328125,1069.6484375,1069.671875,1069.703125,1069.734375,1070.0078125,1070.671875,1070.8359375,1070.9296875,1071.0390625,1071.2421875,1071.4765625,1071.609375,1071.75,1071.8984375,1072.0625,1072.2265625,1072.40625,1072.59375,1072.796875,1073.015625,1073.2421875,1073.359375,1073.484375,1073.609375,1073.7421875,1073.8828125,1074.0234375,1074.3203125,1074.640625,1074.984375,1075.359375,1075.765625,1076.2109375,1076.7109375,1077.4453125,1078.2734375,1078.9921875,1079.53125,1079.8515625,1080.0703125,1080.203125,1080.28125,1080.328125,1080.3671875,1080.4375,1080.4921875,1080.6875,1080.765625,1080.84375,1080.9609375,1080.9921875,1081.0078125,1081.03125,1081.0625,1081.1015625,1081.265625,1081.390625,1082.03125,1082.1953125,1082.2890625,1082.3984375,1082.6015625,1082.8359375,1082.96875,1083.109375,1083.2578125,1083.421875,1083.5859375,1083.765625,1083.953125,1084.15625,1084.375,1084.6015625,1084.71875,1084.84375,1084.96875,1085.1015625,1085.234375,1085.375,1085.671875,1085.9921875,1086.3359375,1086.703125,1087.109375,1087.546875,1088.0390625,1088.765625,1089.5859375,1090.3046875,1090.84375,1091.171875,1091.390625,1091.5234375,1091.6015625,1091.6484375,1091.6796875,1091.8046875,1092.0078125,1092.0859375,1092.1640625,1092.28125,1092.3125,1092.3515625,1092.3828125,1092.4140625,1092.6953125,1093.359375,1093.5234375,1093.6171875,1093.71875,1093.921875,1094.15625,1094.2890625,1094.4296875,1094.578125,1094.7421875,1094.90625,1095.0859375,1095.2734375,1095.4765625,1095.6953125,1095.921875,1096.0390625,1096.1640625,1096.2890625,1096.421875,1096.5546875,1096.6953125,1096.9921875,1097.3125,1097.65625,1098.0234375,1098.4296875,1098.875,1099.3671875,1100.09375,1100.9140625,1101.6171875,1102.1484375,1102.46875,1102.6796875,1102.8125,1102.890625,1102.9375,1102.9765625,1103.0546875,1103.1015625,1103.296875,1103.375,1103.453125,1103.5703125,1103.6015625,1103.6171875,1103.640625,1103.671875,1103.7109375,1103.8828125,1104.0078125,1104.640625,1104.8046875,1104.8984375,1105.0078125,1105.2109375,1105.4453125,1105.578125,1105.71875,1105.8671875,1106.03125,1106.1953125,1106.375,1106.5625,1106.765625,1106.9765625,1107.203125,1107.3203125,1107.4453125,1107.5703125,1107.703125,1107.8359375,1107.9765625,1108.2734375,1108.5859375,1108.9296875,1109.296875,1109.6953125,1110.1328125,1110.6171875,1111.328125,1112.140625,1112.8515625,1113.3828125,1113.7109375,1113.9296875,1114.0625,1114.140625,1114.1875,1114.21875,1114.34375,1114.3984375,1114.546875,1114.625,1114.703125,1114.8203125,1114.8515625,1114.890625,1114.921875,1114.953125,1115.234375,1115.8984375,1116.0625,1116.15625,1116.2578125,1116.4609375,1116.6953125,1116.828125,1116.96875,1117.1171875,1117.28125,1117.4453125,1117.625,1117.8125,1118.015625,1118.2265625,1118.453125,1118.5703125,1118.6953125,1118.8203125,1118.953125,1119.0859375,1119.2265625,1119.515625,1119.828125,1120.171875,1120.5390625,1120.9375,1121.375,1121.8515625,1122.5625,1123.359375,1124.0625,1124.6015625,1124.9296875,1125.1484375,1125.28125,1125.359375,1125.40625,1125.4375,1125.5625,1125.6171875,1125.765625,1125.84375,1125.921875,1126.0390625,1126.0703125,1126.109375,1126.140625,1126.171875,1126.453125,1127.1171875,1127.28125,1127.375,1127.484375,1127.6875,1127.921875,1128.0546875,1128.1953125,1128.34375,1128.5078125,1128.671875,1128.8515625,1129.0390625,1129.2421875,1129.453125,1129.6796875,1129.796875,1129.9140625,1130.0390625,1130.171875,1130.3046875,1130.4453125,1130.734375,1131.046875,1131.390625,1131.7578125,1132.15625,1132.59375,1133.078125,1133.7890625,1134.5859375,1135.28125,1135.8046875,1136.125,1136.3359375,1136.46875,1136.546875,1136.59375,1136.625,1136.75,1136.953125,1137.03125,1137.109375,1137.2265625,1137.2578125,1137.2734375,1137.296875,1137.328125,1137.3671875,1137.5390625,1137.6640625,1138.3046875,1138.46875,1138.5625,1138.6640625,1138.8671875,1139.1015625,1139.234375,1139.375,1139.5234375,1139.6875,1139.8515625,1140.03125,1140.21875,1140.421875,1140.6328125,1140.859375,1140.9765625,1141.1015625,1141.2265625,1141.359375,1141.4921875,1141.6328125,1141.9296875,1142.2421875,1142.5859375,1142.953125,1143.359375,1143.796875,1144.2890625,1145.0,1145.7890625,1146.46875,1146.984375,1147.296875,1147.5,1147.625,1147.703125,1147.75,1147.7890625,1147.859375,1147.9140625,1148.1015625,1148.1796875,1148.2578125,1148.3828125,1148.4140625,1148.4296875,1148.453125,1148.484375,1148.515625,1148.8125,1149.453125,1149.6171875,1149.7109375,1149.8203125,1150.0234375,1150.2578125,1150.390625,1150.53125,1150.6796875,1150.84375,1151.0078125,1151.1875,1151.375,1151.578125,1151.7890625,1152.015625,1152.1328125,1152.25,1152.375,1152.5078125,1152.640625,1152.78125,1153.0703125,1153.3828125,1153.71875,1154.078125,1154.4765625,1154.9140625,1155.3984375,1156.09375,1156.875,1157.5625,1158.078125,1158.3984375,1158.609375,1158.7421875,1158.8203125,1158.8671875,1158.8984375,1159.0234375,1159.2265625,1159.3046875,1159.3828125,1159.5,1159.53125,1159.546875,1159.5703125,1159.6015625,1159.640625,1159.8125,1159.9375,1160.578125,1160.7421875,1160.8359375,1160.9453125,1161.1484375,1161.3828125,1161.515625,1161.65625,1161.8046875,1161.9609375,1162.125,1162.3046875,1162.4921875,1162.6953125,1162.90625,1163.1328125,1163.25,1163.3671875,1163.4921875,1163.625,1163.7578125,1163.8984375,1164.1875,1164.5,1164.84375,1165.2109375,1165.609375,1166.046875,1166.5390625,1167.2421875,1168.015625,1168.6875,1169.1953125,1169.5078125,1169.7109375,1169.8359375,1169.9140625,1169.9609375,1170.0,1170.0703125,1170.125,1170.3125,1170.390625,1170.46875,1170.59375,1170.625,1170.640625,1170.6640625,1170.6953125,1170.7265625,1171.0234375,1171.6640625,1171.828125,1171.921875,1172.03125,1172.234375,1172.46875,1172.6015625,1172.7421875,1172.890625,1173.046875,1173.2109375,1173.390625,1173.578125,1173.78125,1173.9921875,1174.21875,1174.3359375,1174.453125,1174.578125,1174.7109375,1174.84375,1174.984375,1175.2734375,1175.578125,1175.9140625,1176.2734375,1176.671875,1177.1015625,1177.578125,1178.265625,1179.0390625,1179.71875,1180.234375,1180.546875,1180.7578125,1180.890625,1180.96875,1181.015625,1181.046875,1181.171875,1181.375,1181.453125,1181.53125,1181.6484375,1181.6796875,1181.71875,1181.75,1181.78125,1182.0625,1182.7265625,1182.890625,1182.984375,1183.09375,1183.296875,1183.53125,1183.6640625,1183.8046875,1183.953125,1184.109375,1184.2734375,1184.453125,1184.640625,1184.84375,1185.0546875,1185.28125,1185.3984375,1185.515625,1185.640625,1185.7734375,1185.90625,1186.046875,1186.3359375,1186.6484375,1186.984375,1187.34375,1187.7421875,1188.171875,1188.6484375,1189.34375,1190.109375,1190.7734375,1191.28125,1191.59375,1191.796875,1191.921875,1192.0,1192.046875,1192.078125,1192.1953125,1192.25,1192.40625,1192.484375,1192.5546875,1192.6796875,1192.7109375,1192.7265625,1192.75,1192.78125,1192.8203125,1192.9921875,1193.1171875,1193.7578125,1193.921875,1194.015625,1194.125,1194.328125,1194.5625,1194.6953125,1194.8359375,1194.984375,1195.140625,1195.3046875,1195.484375,1195.671875,1195.8671875,1196.078125,1196.3046875,1196.421875,1196.5390625,1196.6640625,1196.796875,1196.9296875,1197.0703125,1197.359375,1197.6640625,1198.0,1198.359375,1198.7578125,1199.1875,1199.6640625,1200.3515625,1201.109375,1201.7734375,1202.28125,1202.59375,1202.796875,1202.921875,1203.0,1203.046875,1203.078125,1203.1953125,1203.25,1203.40625,1203.484375,1203.5546875,1203.6796875,1203.7109375,1203.7265625,1203.75,1203.78125,1203.8203125,1203.9921875,1204.1171875,1204.7578125,1204.921875,1205.015625,1205.125,1205.328125,1205.5625,1205.6953125,1205.8359375,1205.984375,1206.140625,1206.3046875,1206.484375,1206.671875,1206.8671875,1207.078125,1207.3046875,1207.421875,1207.5390625,1207.6640625,1207.796875,1207.9296875,1208.0703125,1208.359375,1208.671875,1209.015625,1209.3828125,1209.78125,1210.21875,1210.703125,1211.3984375,1212.15625,1212.8046875,1213.2890625,1213.5859375,1213.78125,1213.90625,1213.9765625,1214.0234375,1214.0625,1214.1328125,1214.1796875,1214.375,1214.453125,1214.53125,1214.6484375,1214.6796875,1214.71875,1214.75,1214.78125,1215.0625,1215.7265625,1215.890625,1215.984375,1216.09375,1216.296875,1216.53125,1216.6640625,1216.8046875,1216.953125,1217.109375,1217.2734375,1217.453125,1217.640625,1217.8359375,1218.046875,1218.2734375,1218.390625,1218.5078125,1218.6328125,1218.765625,1218.8984375,1219.03125,1219.3203125,1219.625,1219.9609375,1220.3203125,1220.7109375,1221.140625,1221.609375,1222.2890625,1223.0390625,1223.6953125,1224.1953125,1224.5,1224.7109375,1224.8359375,1224.9140625,1224.9609375,1224.9921875,1225.1171875,1225.3203125,1225.3984375,1225.4765625,1225.59375,1225.625,1225.640625,1225.6640625,1225.6953125,1225.734375,1225.90625,1226.03125,1226.671875,1226.8359375,1226.9296875,1227.0390625,1227.2421875,1227.4765625,1227.609375,1227.75,1227.8984375,1228.0546875,1228.21875,1228.3984375,1228.5859375,1228.78125,1228.9921875,1229.21875,1229.3359375,1229.453125,1229.578125,1229.7109375,1229.84375,1229.984375,1230.2734375,1230.5859375,1230.921875,1231.28125,1231.6796875,1232.109375,1232.59375,1233.28125,1234.0234375,1234.6640625,1235.1484375,1235.4453125,1235.640625,1235.765625,1235.8359375,1235.8828125,1235.921875,1235.9921875,1236.0390625,1236.234375,1236.3125,1236.390625,1236.5078125,1236.5390625,1236.578125,1236.609375,1236.640625,1236.9296875,1237.59375,1237.7578125,1237.8515625,1237.9609375,1238.1640625,1238.3984375,1238.53125,1238.671875,1238.8203125,1238.9765625,1239.140625,1239.3203125,1239.5078125,1239.703125,1239.9140625,1240.1328125,1240.25,1240.3671875,1240.4921875,1240.625,1240.7578125,1240.890625,1241.1796875,1241.4921875,1241.828125,1242.1875,1242.5859375,1243.015625,1243.5,1244.1796875,1244.921875,1245.5546875,1246.0390625,1246.3359375,1246.53125,1246.65625,1246.7265625,1246.7734375,1246.8125,1246.8828125,1246.9296875,1247.125,1247.203125,1247.28125,1247.3984375,1247.4296875,1247.46875,1247.5,1247.53125,1247.8203125,1248.484375,1248.6484375,1248.7421875,1248.8515625,1249.0546875,1249.2890625,1249.421875,1249.5625,1249.7109375,1249.8671875,1250.03125,1250.2109375,1250.3984375,1250.59375,1250.8046875,1251.0234375,1251.140625,1251.2578125,1251.3828125,1251.515625,1251.6484375,1251.78125,1252.0703125,1252.375,1252.7109375,1253.0625,1253.453125,1253.8828125,1254.3515625,1255.0234375,1255.7578125,1256.3984375,1256.8828125,1257.1796875,1257.3828125,1257.5078125,1257.5859375,1257.6328125,1257.6640625,1257.7890625,1257.9921875,1258.0703125,1258.140625,1258.265625,1258.296875,1258.3125,1258.3359375,1258.3671875,1258.40625,1258.578125,1258.703125,1259.34375,1259.5078125,1259.6015625,1259.7109375,1259.9140625,1260.1484375,1260.28125,1260.421875,1260.5703125,1260.7265625,1260.890625,1261.0703125,1261.2578125,1261.453125,1261.6640625,1261.8828125,1262.0,1262.1171875,1262.2421875,1262.375,1262.5078125,1262.640625,1262.9296875,1263.2421875,1263.578125,1263.9375,1264.3359375,1264.765625,1265.2421875,1265.9140625,1266.640625,1267.2734375,1267.75,1268.0390625,1268.234375,1268.359375,1268.4296875,1268.4765625,1268.515625,1268.5859375,1268.6328125,1268.828125,1268.90625,1268.984375,1269.1015625,1269.1328125,1269.171875,1269.203125,1269.234375,1269.5234375,1270.1875,1270.3515625,1270.4453125,1270.5546875,1270.7578125,1270.9921875,1271.125,1271.265625,1271.4140625,1271.5703125,1271.734375,1271.9140625,1272.1015625,1272.296875,1272.5078125,1272.7265625,1272.84375,1272.9609375,1273.0859375,1273.21875,1273.3515625,1273.484375,1273.7734375,1274.078125,1274.4140625,1274.7734375,1275.1640625,1275.59375,1276.0625,1276.734375,1277.453125,1278.078125,1278.5546875,1278.8515625,1279.046875,1279.171875,1279.2421875,1279.2890625,1279.328125,1279.3984375,1279.453125,1279.640625,1279.71875,1279.796875,1279.9140625,1279.953125,1279.96875,1279.9921875,1280.0234375,1280.0546875,1280.234375,1280.359375,1281.0,1281.1640625,1281.2578125,1281.3671875,1281.5703125,1281.8046875,1281.9375,1282.078125,1282.2265625,1282.3828125,1282.546875,1282.7265625,1282.9140625,1283.109375,1283.3203125,1283.5390625,1283.65625,1283.7734375,1283.8984375,1284.03125,1284.1640625,1284.296875,1284.5859375,1284.890625,1285.21875,1285.5703125,1285.9609375,1286.390625,1286.859375,1287.5234375,1288.2421875,1288.8671875,1289.34375,1289.640625,1289.8359375,1289.9609375,1290.03125,1290.078125,1290.1171875,1290.1875,1290.2421875,1290.4296875,1290.5078125,1290.5859375,1290.7109375,1290.7421875,1290.7578125,1290.78125,1290.8125,1290.84375,1291.0234375,1291.1484375,1291.7890625,1291.953125,1292.046875,1292.15625,1292.359375,1292.59375,1292.7265625,1292.8671875,1293.015625,1293.171875,1293.3359375,1293.515625,1293.703125,1293.8984375,1294.109375,1294.328125,1294.4453125,1294.5625,1294.6875,1294.8203125,1294.953125,1295.0859375,1295.375,1295.6796875,1296.0078125,1296.359375,1296.7421875,1297.1640625,1297.6328125,1298.2890625,1299.0,1299.625,1300.1015625,1300.3984375,1300.6015625,1300.7265625,1300.796875,1300.84375,1300.8828125,1300.9609375,1301.0078125,1301.1953125,1301.2734375,1301.3515625,1301.4765625,1301.5078125,1301.5234375,1301.546875,1301.578125,1301.6171875,1301.7890625,1301.9140625,1302.5546875,1302.71875,1302.8125,1302.921875,1303.125,1303.359375,1303.4921875,1303.6328125,1303.78125,1303.9375,1304.1015625,1304.28125,1304.46875,1304.6640625,1304.875,1305.09375,1305.2109375,1305.328125,1305.453125,1305.5859375,1305.71875,1305.8515625,1306.140625,1306.453125,1306.7890625,1307.1484375,1307.5390625,1307.96875,1308.4453125,1309.1171875,1309.8203125,1310.4296875,1310.890625,1311.171875,1311.359375,1311.4765625,1311.546875,1311.59375,1311.625,1311.703125,1311.75,1311.9453125,1312.0234375,1312.09375,1312.21875,1312.25,1312.265625,1312.2890625,1312.3203125,1312.359375,1312.53125,1312.6640625,1313.296875,1313.46875,1313.5625,1313.671875,1313.875,1314.109375,1314.2421875,1314.3828125,1314.53125,1314.6875,1314.8515625,1315.0234375,1315.2109375,1315.40625,1315.6171875,1315.8359375,1315.953125,1316.0703125,1316.1953125,1316.328125,1316.4609375,1316.59375,1316.8828125,1317.1875,1317.5234375,1317.875,1318.265625,1318.6953125,1319.1640625,1319.8203125,1320.5234375,1321.1328125,1321.59375,1321.8828125,1322.078125,1322.1953125,1322.265625,1322.3125,1322.3515625,1322.421875,1322.46875,1322.6640625,1322.7421875,1322.8203125,1322.9375,1322.96875,1323.0078125,1323.0390625,1323.0703125,1323.359375,1324.0234375,1324.1875,1324.28125,1324.390625,1324.59375,1324.828125,1324.9609375,1325.1015625,1325.25,1325.40625,1325.5703125,1325.7421875,1325.9296875,1326.125,1326.3359375,1326.5546875,1326.671875,1326.7890625,1326.9140625,1327.046875,1327.1796875,1327.3125,1327.6015625,1327.9140625,1328.25,1328.609375,1329.0,1329.4296875,1329.90625,1330.5703125,1331.265625,1331.8671875,1332.3203125,1332.6015625,1332.7890625,1332.8984375,1332.96875,1333.015625,1333.046875,1333.125,1333.171875,1333.3671875,1333.4453125,1333.515625,1333.640625,1333.671875,1333.6875,1333.7109375,1333.7421875,1333.78125,1333.953125,1334.078125,1334.71875,1334.890625,1334.984375,1335.09375,1335.296875,1335.53125,1335.65625,1335.796875,1335.9453125,1336.1015625,1336.265625,1336.4375,1336.625,1336.8203125,1337.03125,1337.25,1337.3671875,1337.484375,1337.609375,1337.7421875,1337.875,1338.0078125,1338.2890625,1338.59375,1338.921875,1339.2734375,1339.65625,1340.078125,1340.5390625,1341.1875,1341.8828125,1342.4921875,1342.9609375,1343.25,1343.4453125,1343.5703125,1343.640625,1343.6875,1343.7265625,1343.796875,1343.8515625,1344.0390625,1344.1171875,1344.1953125,1344.3203125,1344.3515625,1344.3671875,1344.390625,1344.421875,1344.4609375,1344.6328125,1344.7578125,1345.3984375,1345.5703125,1345.6640625,1345.7734375,1345.9765625,1346.2109375,1346.3359375,1346.4765625,1346.625,1346.78125,1346.9453125,1347.1171875,1347.3046875,1347.5,1347.7109375,1347.9296875,1348.046875,1348.1640625,1348.2890625,1348.421875,1348.5546875,1348.6875,1348.9765625,1349.28125,1349.6171875,1349.9765625,1350.3671875,1350.796875,1351.2734375,1351.9296875,1352.6171875,1353.2109375,1353.6640625,1353.9375,1354.125,1354.234375,1354.3046875,1354.3515625,1354.3828125,1354.4609375,1354.5078125,1354.703125,1354.78125,1354.8515625,1354.9765625,1355.0078125,1355.0234375,1355.046875,1355.078125,1355.1171875,1355.2890625,1355.421875,1356.0546875,1356.2265625,1356.3203125,1356.4296875,1356.6328125,1356.8671875,1356.9921875,1357.1328125,1357.28125,1357.4375,1357.6015625,1357.7734375,1357.9609375,1358.15625,1358.3671875,1358.5859375,1358.703125,1358.8203125,1358.9453125,1359.078125,1359.2109375,1359.34375,1359.625,1359.9296875,1360.2578125,1360.609375,1360.9921875,1361.4140625,1361.8828125,1362.53125,1363.21875,1363.8203125,1364.2734375,1364.5625,1364.75,1364.8671875,1364.9375,1364.984375,1365.0234375,1365.09375,1365.140625,1365.3359375,1365.4140625,1365.4921875,1365.609375,1365.640625,1365.6796875,1365.7109375,1365.7421875,1366.03125,1366.6953125,1366.859375,1366.953125,1367.0625,1367.2578125,1367.4921875,1367.625,1367.765625,1367.9140625,1368.0703125,1368.234375,1368.40625,1368.59375,1368.7890625,1369.0,1369.21875,1369.3359375,1369.453125,1369.578125,1369.7109375,1369.84375,1369.9765625,1370.2578125,1370.5625,1370.890625,1371.2421875,1371.625,1372.046875,1372.5078125,1373.15625,1373.8359375,1374.4375,1374.890625,1375.171875,1375.3671875,1375.484375,1375.5546875,1375.6015625,1375.640625,1375.7109375,1375.765625,1375.953125,1376.03125,1376.109375,1376.2265625,1376.2578125,1376.296875,1376.328125,1376.359375,1376.6484375,1377.3125,1377.484375,1377.578125,1377.6875,1377.890625,1378.125,1378.25,1378.390625,1378.5390625,1378.6953125,1378.859375,1379.03125,1379.21875,1379.4140625,1379.625,1379.84375,1379.9609375,1380.078125,1380.203125,1380.328125,1380.4609375,1380.59375,1380.8828125,1381.1875,1381.515625,1381.8671875,1382.2578125,1382.6796875,1383.1484375,1383.796875,1384.46875,1385.0625,1385.5078125,1385.78125,1385.96875,1386.0859375,1386.15625,1386.203125,1386.234375,1386.3125,1386.359375,1386.5546875,1386.6328125,1386.703125,1386.828125,1386.859375,1386.875,1386.8984375,1386.9296875,1386.96875,1387.140625,1387.2734375,1387.9140625,1388.078125,1388.171875,1388.28125,1388.4765625,1388.7109375,1388.84375,1388.984375,1389.1328125,1389.2890625,1389.453125,1389.625,1389.8125,1390.0078125,1390.21875,1390.4375,1390.5546875,1390.671875,1390.796875,1390.9296875,1391.0625,1391.1953125,1391.4765625,1391.78125,1392.109375,1392.4609375,1392.84375,1393.265625,1393.734375,1394.375,1395.046875,1395.640625,1396.0859375,1396.359375,1396.546875,1396.6640625,1396.734375,1396.78125,1396.8125,1396.890625,1396.9375,1397.1328125,1397.2109375,1397.28125,1397.40625,1397.4375,1397.453125,1397.4765625,1397.5078125,1397.546875,1397.71875,1397.8515625,1398.4921875,1398.65625,1398.75,1398.859375,1399.0546875,1399.2890625,1399.421875,1399.5625,1399.7109375,1399.8671875,1400.03125,1400.203125,1400.390625,1400.5859375,1400.796875,1401.015625,1401.1328125,1401.25,1401.375,1401.5078125,1401.640625,1401.7734375,1402.0546875,1402.359375,1402.6875,1403.0390625,1403.4296875,1403.8515625,1404.3203125,1404.96875,1405.6328125,1406.2109375,1406.65625,1406.9296875,1407.1171875,1407.2265625,1407.296875,1407.34375,1407.375,1407.453125,1407.5,1407.6953125,1407.7734375,1407.84375,1407.96875,1408.0,1408.015625,1408.0390625,1408.0703125,1408.109375,1408.28125,1408.4140625,1409.0546875,1409.21875,1409.3125,1409.421875,1409.6171875,1409.8515625,1409.984375,1410.125,1410.2734375,1410.4296875,1410.59375,1410.765625,1410.953125,1411.1484375,1411.359375,1411.578125,1411.6953125,1411.8125,1411.9375,1412.0703125,1412.203125,1412.3359375,1412.6171875,1412.921875,1413.2421875,1413.59375,1413.96875,1414.3828125,1414.84375,1415.484375,1416.1484375,1416.734375,1417.1796875,1417.4609375,1417.6484375,1417.765625,1417.8359375,1417.8828125,1417.921875,1417.9921875,1418.046875,1418.234375,1418.3125,1418.390625,1418.5078125,1418.5390625,1418.578125,1418.59375,1418.609375,1418.640625,1418.9296875,1419.59375,1419.765625,1419.859375,1419.96875,1420.171875,1420.40625,1420.53125,1420.671875,1420.8203125,1420.9765625,1421.140625,1421.3125,1421.5,1421.6953125,1421.90625,1422.125,1422.2421875,1422.359375,1422.484375,1422.609375,1422.7421875,1422.875,1423.15625,1423.4609375,1423.7890625,1424.140625,1424.53125,1424.953125,1425.421875,1426.0625,1426.71875,1427.296875,1427.734375,1428.0078125,1428.1875,1428.296875,1428.3671875,1428.4140625,1428.4453125,1428.5234375,1428.5703125,1428.7578125,1428.8359375,1428.9140625,1429.0390625,1429.0703125,1429.0859375,1429.109375,1429.140625,1429.1796875,1429.3515625,1429.484375,1430.1171875,1430.2890625,1430.3828125,1430.4921875,1430.6875,1430.921875,1431.0546875,1431.1953125,1431.34375,1431.5,1431.6640625,1431.8359375,1432.0234375,1432.21875,1432.4296875,1432.6484375,1432.765625,1432.8828125,1433.0078125,1433.1328125,1433.265625,1433.3984375,1433.6796875,1433.984375,1434.3125,1434.6640625,1435.046875,1435.46875,1435.9296875,1436.5703125,1437.2265625,1437.8046875,1438.2421875,1438.515625,1438.6953125,1438.8046875,1438.875,1438.921875,1438.953125,1439.03125,1439.078125,1439.2734375,1439.3515625,1439.421875,1439.546875,1439.578125,1439.59375,1439.6171875,1439.6484375,1439.6875,1439.859375,1439.9921875,1440.6328125,1440.796875,1440.890625,1441.0,1441.1953125,1441.4296875,1441.5625,1441.703125,1441.8515625,1442.0078125,1442.171875,1442.34375,1442.53125,1442.7265625,1442.9375,1443.15625,1443.2734375,1443.390625,1443.515625,1443.640625,1443.7734375,1443.90625,1444.1875,1444.4921875,1444.8203125,1445.171875,1445.5546875,1445.9765625,1446.4375,1447.0703125,1447.7265625,1448.296875,1448.734375,1449.0078125,1449.1875,1449.296875,1449.3671875,1449.4140625,1449.4453125,1449.5234375,1449.5703125,1449.765625,1449.84375,1449.9140625,1450.0390625,1450.0703125,1450.0859375,1450.109375,1450.140625,1450.1796875,1450.3515625,1450.484375,1451.125,1451.296875,1451.390625,1451.4921875,1451.6875,1451.921875,1452.0546875,1452.1953125,1452.34375,1452.5,1452.6640625,1452.8359375,1453.0234375,1453.21875,1453.4296875,1453.6484375,1453.765625,1453.8828125,1454.0078125,1454.1328125,1454.265625,1454.3984375,1454.6796875,1454.984375,1455.3125,1455.6640625,1456.046875,1456.46875,1456.9296875,1457.5703125,1458.21875,1458.7890625,1459.21875,1459.484375,1459.6640625,1459.7734375,1459.84375,1459.890625,1459.921875,1460.0,1460.046875,1460.234375,1460.3125,1460.390625,1460.515625,1460.546875,1460.5625,1460.5859375,1460.6171875,1460.65625,1460.828125,1460.9609375,1461.6015625,1461.7734375,1461.8671875,1461.96875,1462.1640625,1462.3984375,1462.53125,1462.671875,1462.8203125,1462.9765625,1463.140625,1463.3125,1463.5,1463.6953125,1463.90625,1464.125,1464.2421875,1464.359375,1464.484375,1464.609375,1464.7421875,1464.875,1465.15625,1465.4609375,1465.7890625,1466.140625,1466.5234375,1466.9453125,1467.40625,1468.0390625,1468.6875,1469.25,1469.6796875,1469.9453125,1470.125,1470.234375,1470.3046875,1470.3515625,1470.3828125,1470.4609375,1470.5078125,1470.6953125,1470.7734375,1470.8515625,1470.9765625,1471.0078125,1471.0234375,1471.046875,1471.078125,1471.1171875,1471.2890625,1471.421875,1472.0546875,1472.2265625,1472.3203125,1472.4296875,1472.625,1472.859375,1472.9921875,1473.1328125,1473.28125,1473.4375,1473.6015625,1473.7734375,1473.9609375,1474.15625,1474.3671875,1474.5859375,1474.703125,1474.8203125,1474.9453125,1475.0703125,1475.203125,1475.3359375,1475.6171875,1475.921875,1476.2421875,1476.59375,1476.9765625,1477.3984375,1477.8671875,1478.5,1479.140625,1479.703125,1480.1328125,1480.3984375,1480.578125,1480.6875,1480.75,1480.796875,1480.828125,1480.90625,1480.953125,1481.140625,1481.21875,1481.296875,1481.4140625,1481.453125,1481.46875,1481.4921875,1481.5234375,1481.5625,1481.734375,1481.8671875,1482.5,1482.671875,1482.765625,1482.875,1483.0703125,1483.3046875,1483.4375,1483.578125,1483.7265625,1483.8828125,1484.046875,1484.21875,1484.40625,1484.6015625,1484.8125,1485.03125,1485.1484375,1485.265625,1485.390625,1485.515625,1485.6484375,1485.78125,1486.0625,1486.3671875,1486.6875,1487.0390625,1487.421875,1487.84375,1488.3046875,1488.9375,1489.578125,1490.140625,1490.5625,1490.8203125,1491.0,1491.109375,1491.1796875,1491.2265625,1491.2578125,1491.3359375,1491.3828125,1491.5703125,1491.6484375,1491.7265625,1491.84375,1491.8828125,1491.8984375,1491.921875,1491.953125,1491.9921875,1492.1640625,1492.296875,1492.9375,1493.109375,1493.203125,1493.3125,1493.515625,1493.75,1493.875,1494.015625,1494.1640625,1494.3203125,1494.484375,1494.65625,1494.84375,1495.0390625,1495.2421875,1495.4609375,1495.578125,1495.6953125,1495.8203125,1495.9453125,1496.0703125,1496.203125,1496.484375,1496.7890625,1497.109375,1497.4609375,1497.84375,1498.2578125,1498.71875,1499.34375,1499.984375,1500.5390625,1500.96875,1501.234375,1501.4140625,1501.5234375,1501.59375,1501.640625,1501.671875,1501.75,1501.796875,1501.9921875,1502.0703125,1502.140625,1502.265625,1502.296875,1502.3125,1502.3359375,1502.3671875,1502.40625,1502.578125,1502.7109375,1503.3515625,1503.5234375,1503.6171875,1503.7265625,1503.9296875,1504.1640625,1504.2890625,1504.4296875,1504.578125,1504.734375,1504.8984375,1505.0703125,1505.2578125,1505.453125,1505.65625,1505.875,1505.9921875,1506.109375,1506.234375,1506.359375,1506.484375,1506.6171875,1506.8984375,1507.1953125,1507.515625,1507.859375,1508.234375,1508.6484375,1509.1015625,1509.71875,1510.3515625,1510.9140625,1511.3515625,1511.625,1511.8046875,1511.921875,1511.9921875,1512.0390625,1512.078125,1512.1484375,1512.1953125,1512.390625,1512.46875,1512.546875,1512.6640625,1512.6953125,1512.734375,1512.765625,1512.796875,1513.0859375,1513.75,1513.921875,1514.015625,1514.125,1514.3203125,1514.5546875,1514.6875,1514.828125,1514.9765625,1515.1328125,1515.296875,1515.46875,1515.65625,1515.8515625,1516.0546875,1516.2734375,1516.390625,1516.5078125,1516.6328125,1516.7578125,1516.8828125,1517.015625,1517.296875,1517.6015625,1517.921875,1518.2734375,1518.6484375,1519.0625,1519.5234375,1520.1484375,1520.78125,1521.34375,1521.765625,1522.0234375,1522.203125,1522.3125,1522.3828125,1522.4296875,1522.4609375,1522.5390625,1522.5859375,1522.7734375,1522.8515625,1522.9296875,1523.0546875,1523.0859375,1523.1015625,1523.125,1523.15625,1523.1953125,1523.3671875,1523.5,1524.140625,1524.3125,1524.40625,1524.515625,1524.71875,1524.953125,1525.078125,1525.21875,1525.3671875,1525.5234375,1525.6875,1525.859375,1526.046875,1526.2421875,1526.4453125,1526.6640625,1526.78125,1526.8984375,1527.0234375,1527.1484375,1527.2734375,1527.40625,1527.6875,1527.9921875,1528.3125,1528.6640625,1529.046875,1529.4609375,1529.921875,1530.546875,1531.1796875,1531.7265625,1532.1484375,1532.4140625,1532.5859375,1532.6953125,1532.7578125,1532.8046875,1532.8359375,1532.9140625,1532.9609375,1533.1484375,1533.2265625,1533.3046875,1533.421875,1533.4609375,1533.4765625,1533.5,1533.53125,1533.5703125,1533.7421875,1533.875,1534.515625,1534.6875,1534.78125,1534.890625,1535.0859375,1535.3203125,1535.4453125,1535.5859375,1535.734375,1535.890625,1536.0546875,1536.2265625,1536.4140625,1536.609375,1536.8125,1537.03125,1537.1484375,1537.265625,1537.390625,1537.515625,1537.640625,1537.7734375,1538.0546875,1538.359375,1538.6796875,1539.03125,1539.40625,1539.8203125,1540.2734375,1540.890625,1541.5234375,1542.078125,1542.5,1542.7578125,1542.9375,1543.046875,1543.1171875,1543.1640625,1543.1953125,1543.2734375,1543.3203125,1543.5078125,1543.5859375,1543.6640625,1543.7890625,1543.8203125,1543.8359375,1543.859375,1543.890625,1543.9296875,1544.109375,1544.2421875,1544.875,1545.046875,1545.140625,1545.25,1545.4453125,1545.6796875,1545.8046875,1545.9453125,1546.09375,1546.25,1546.4140625,1546.5859375,1546.7734375,1546.96875,1547.171875,1547.390625,1547.5078125,1547.625,1547.75,1547.875,1548.0,1548.1328125,1548.40625,1548.703125,1549.0234375,1549.3671875,1549.734375,1550.140625,1550.59375,1551.203125,1551.828125,1552.390625,1552.8203125,1553.09375,1553.2734375,1553.390625,1553.4609375,1553.5078125,1553.546875,1553.6171875,1553.671875,1553.859375,1553.9375,1554.015625,1554.1328125,1554.1640625,1554.203125,1554.21875,1554.234375,1554.265625,1554.5625,1555.2265625,1555.3984375,1555.4921875,1555.6015625,1555.796875,1556.03125,1556.15625,1556.296875,1556.4453125,1556.6015625,1556.765625,1556.9375,1557.125,1557.3203125,1557.5234375,1557.7421875,1557.859375,1557.9765625,1558.1015625,1558.2265625,1558.3515625,1558.484375,1558.7578125,1559.0546875,1559.375,1559.71875,1560.0859375,1560.4921875,1560.9453125,1561.5546875,1562.1796875,1562.734375,1563.1640625,1563.4375,1563.6171875,1563.7265625,1563.796875,1563.84375,1563.8828125,1563.953125,1564.0078125,1564.1953125,1564.2734375,1564.3515625,1564.46875,1564.5,1564.5390625,1564.5703125,1564.6015625,1564.8984375,1565.5625,1565.734375,1565.828125,1565.9375,1566.1328125,1566.3671875,1566.4921875,1566.6328125,1566.78125,1566.9375,1567.1015625,1567.2734375,1567.4609375,1567.65625,1567.859375,1568.078125,1568.1953125,1568.3125,1568.4375,1568.5625,1568.6875,1568.8203125,1569.1015625,1569.40625,1569.7265625,1570.078125,1570.453125,1570.8671875,1571.3203125,1571.9296875,1572.5546875,1573.1015625,1573.515625,1573.78125,1573.953125,1574.0625,1574.125,1574.171875,1574.203125,1574.28125,1574.328125,1574.515625,1574.59375,1574.671875,1574.7890625,1574.828125,1574.84375,1574.8671875,1574.8984375,1574.9375,1575.109375,1575.2421875,1575.8828125,1576.0546875,1576.1484375,1576.2578125,1576.453125,1576.6875,1576.8125,1576.953125,1577.1015625,1577.2578125,1577.421875,1577.59375,1577.78125,1577.9765625,1578.1796875,1578.3984375,1578.515625,1578.6328125,1578.7578125,1578.8828125,1579.0078125,1579.140625,1579.421875,1579.7265625,1580.046875,1580.3984375,1580.7734375,1581.1875,1581.640625,1582.25,1582.875,1583.421875,1583.8359375,1584.09375,1584.265625,1584.375,1584.4375,1584.484375,1584.515625,1584.59375,1584.640625,1584.828125,1584.90625,1584.984375,1585.1015625,1585.140625,1585.15625,1585.1796875,1585.2109375,1585.25,1585.421875,1585.5546875,1586.1953125,1586.3671875,1586.4609375,1586.5703125,1586.765625,1587.0,1587.125,1587.265625,1587.4140625,1587.5703125,1587.734375,1587.90625,1588.09375,1588.2890625,1588.4921875,1588.7109375,1588.828125,1588.9453125,1589.0703125,1589.1953125,1589.3203125,1589.453125,1589.7265625,1590.0234375,1590.34375,1590.6875,1591.0625,1591.46875,1591.921875,1592.53125,1593.1484375,1593.6953125,1594.1171875,1594.375,1594.5546875,1594.6640625,1594.734375,1594.78125,1594.8125,1594.890625,1594.9375,1595.1328125,1595.2109375,1595.28125,1595.40625,1595.4375,1595.453125,1595.4765625,1595.5078125,1595.546875,1595.7265625,1595.859375,1596.4921875,1596.6640625,1596.7578125,1596.8671875,1597.0625,1597.296875,1597.421875,1597.5625,1597.7109375,1597.8671875,1598.03125,1598.203125,1598.390625,1598.5859375,1598.7890625,1599.0078125,1599.125,1599.2421875,1599.3671875,1599.4921875,1599.6171875,1599.75,1600.0234375,1600.3203125,1600.640625,1600.984375,1601.359375,1601.765625,1602.21875,1602.828125,1603.4453125,1603.9921875,1604.40625,1604.6640625,1604.84375,1604.953125,1605.0234375,1605.0703125,1605.1015625,1605.1796875,1605.2265625,1605.421875,1605.5,1605.5703125,1605.6953125,1605.7265625,1605.7421875,1605.765625,1605.796875,1605.8359375,1606.015625,1606.1484375,1606.78125,1606.953125,1607.046875,1607.15625,1607.3515625,1607.5859375,1607.7109375,1607.8515625,1608.0,1608.15625,1608.3203125,1608.4921875,1608.6796875,1608.875,1609.078125,1609.296875,1609.4140625,1609.53125,1609.65625,1609.78125,1609.90625,1610.0390625,1610.3203125,1610.625,1610.9453125,1611.296875,1611.671875,1612.0859375,1612.5390625,1613.1484375,1613.765625,1614.3046875,1614.7109375,1614.9609375,1615.1328125,1615.2421875,1615.3046875,1615.3515625,1615.3828125,1615.453125,1615.5078125,1615.6953125,1615.7734375,1615.8515625,1615.96875,1616.0078125,1616.0234375,1616.046875,1616.078125,1616.1171875,1616.2890625,1616.421875,1617.0625,1617.234375,1617.328125,1617.4375,1617.6328125,1617.8671875,1617.9921875,1618.1328125,1618.28125,1618.4375,1618.6015625,1618.7734375,1618.9609375,1619.15625,1619.359375,1619.578125,1619.6953125,1619.8125,1619.9375,1620.0625,1620.1875,1620.3203125,1620.6015625,1620.8984375,1621.21875,1621.5625,1621.9375,1622.3515625,1622.8046875,1623.40625,1624.0234375,1624.5625,1624.96875,1625.2265625,1625.3984375,1625.5078125,1625.5703125,1625.6171875,1625.6484375,1625.7265625,1625.7734375,1625.9609375,1626.0390625,1626.1171875,1626.234375,1626.2734375,1626.2890625,1626.3125,1626.34375,1626.3828125,1626.5625,1626.6953125,1627.328125,1627.5,1627.59375,1627.703125,1627.8984375,1628.1328125,1628.2578125,1628.3984375,1628.546875,1628.703125,1628.8671875,1629.0390625,1629.2265625,1629.421875,1629.625,1629.84375,1629.9609375,1630.078125,1630.203125,1630.328125,1630.453125,1630.5859375,1630.8671875,1631.1640625,1631.484375,1631.828125,1632.203125,1632.6171875,1633.0703125,1633.671875,1634.28125,1634.8203125,1635.2265625,1635.484375,1635.65625,1635.765625,1635.828125,1635.875,1635.90625,1635.984375,1636.03125,1636.21875,1636.296875,1636.375,1636.4921875,1636.53125,1636.546875,1636.5703125,1636.6015625,1636.640625,1636.8125,1636.9453125,1637.5859375,1637.7578125,1637.8515625,1637.9609375,1638.15625,1638.390625,1638.515625,1638.65625,1638.8046875,1638.9609375,1639.125,1639.296875,1639.484375,1639.6796875,1639.8828125,1640.1015625,1640.21875,1640.3359375,1640.4609375,1640.5859375,1640.7109375,1640.84375,1641.1171875,1641.4140625,1641.7265625,1642.0703125,1642.4375,1642.84375,1643.2890625,1643.890625,1644.5,1645.0390625,1645.453125,1645.7109375,1645.890625,1646.0,1646.0703125,1646.1171875,1646.15625,1646.2265625,1646.2734375,1646.46875,1646.546875,1646.6171875,1646.7421875,1646.7734375,1646.8125,1646.84375,1646.875,1647.171875,1647.8359375,1648.0078125,1648.1015625,1648.2109375,1648.40625,1648.640625,1648.765625,1648.90625,1649.0546875,1649.2109375,1649.375,1649.546875,1649.7265625,1649.921875,1650.125,1650.34375,1650.4609375,1650.578125,1650.703125,1650.828125,1650.953125,1651.0859375,1651.3671875,1651.6640625,1651.984375,1652.328125,1652.703125,1653.1171875,1653.5703125,1654.171875,1654.78125,1655.3125,1655.71875,1655.96875,1656.140625,1656.25,1656.3125,1656.359375,1656.390625,1656.4609375,1656.515625,1656.703125,1656.78125,1656.859375,1656.9765625,1657.015625,1657.03125,1657.0546875,1657.0859375,1657.125,1657.296875,1657.4296875,1658.0703125,1658.2421875,1658.3359375,1658.4453125,1658.640625,1658.875,1659.0,1659.140625,1659.2890625,1659.4453125,1659.609375,1659.78125,1659.96875,1660.1640625,1660.3671875,1660.5859375,1660.703125,1660.8203125,1660.9453125,1661.0703125,1661.1953125,1661.328125,1661.6015625,1661.8984375,1662.21875,1662.5625,1662.9375,1663.3515625,1663.8046875,1664.40625,1665.0078125,1665.5390625,1665.9453125,1666.1953125,1666.3671875,1666.4765625,1666.5390625,1666.5859375,1666.6171875,1666.6953125,1666.7421875,1666.9296875,1667.0078125,1667.0859375,1667.203125,1667.2421875,1667.2578125,1667.28125,1667.3125,1667.3515625,1667.53125,1667.6640625,1668.296875,1668.46875,1668.5625,1668.671875,1668.8671875,1669.1015625,1669.2265625,1669.3671875,1669.515625,1669.671875,1669.8359375,1670.0078125,1670.1953125,1670.390625,1670.59375,1670.8125,1670.9296875,1671.046875,1671.171875,1671.296875,1671.421875,1671.5546875,1671.8359375,1672.1328125,1672.453125,1672.796875,1673.171875,1673.5859375,1674.0390625,1674.640625,1675.2421875,1675.7734375,1676.171875,1676.421875,1676.5859375,1676.6953125,1676.7578125,1676.8046875,1676.8359375,1676.90625,1676.9609375,1677.1484375,1677.2265625,1677.3046875,1677.421875,1677.4609375,1677.4765625,1677.5,1677.53125,1677.5703125,1677.7421875,1677.875,1678.515625,1678.6875,1678.78125,1678.890625,1679.0859375,1679.3203125,1679.4453125,1679.5859375,1679.734375,1679.890625,1680.0546875,1680.2265625,1680.4140625,1680.609375,1680.8125,1681.03125,1681.1484375,1681.265625,1681.390625,1681.515625,1681.640625,1681.7734375,1682.0546875,1682.359375,1682.6796875,1683.03125,1683.40625,1683.8203125,1684.2734375,1684.875,1685.4765625,1686.0,1686.390625,1686.640625,1686.8046875,1686.90625,1686.96875,1687.0078125,1687.046875,1687.1171875,1687.1640625,1687.359375,1687.4375,1687.515625,1687.6328125,1687.6640625,1687.703125,1687.734375,1687.765625,1688.0625,1688.7265625,1688.8984375,1688.9921875,1689.1015625,1689.296875,1689.53125,1689.65625,1689.796875,1689.9453125,1690.1015625,1690.265625,1690.4375,1690.6171875,1690.8125,1691.015625,1691.234375,1691.3515625,1691.46875,1691.59375,1691.71875,1691.84375,1691.9765625,1692.25,1692.546875,1692.859375,1693.203125,1693.5703125,1693.9765625,1694.421875,1695.015625,1695.625,1696.15625,1696.5625,1696.8203125,1696.9921875,1697.1015625,1697.1640625,1697.2109375,1697.2421875,1697.3203125,1697.3671875,1697.5546875,1697.6328125,1697.7109375,1697.8359375,1697.8671875,1697.8828125,1697.90625,1697.9375,1697.9765625,1698.15625,1698.2890625,1698.921875,1699.1015625,1699.1953125,1699.3046875,1699.5,1699.734375,1699.859375,1700.0,1700.1484375,1700.3046875,1700.46875,1700.640625,1700.8203125,1701.015625,1701.21875,1701.4375,1701.5546875,1701.671875,1701.796875,1701.921875,1702.046875,1702.1796875,1702.4609375,1702.7578125,1703.078125,1703.421875,1703.796875,1704.2109375,1704.6640625,1705.2578125,1705.859375,1706.375,1706.7734375,1707.0234375,1707.1875,1707.296875,1707.359375,1707.40625,1707.4375,1707.5078125,1707.5546875,1707.75,1707.828125,1707.90625,1708.0234375,1708.0625,1708.078125,1708.1015625,1708.1328125,1708.171875,1708.34375,1708.4765625,1709.1171875,1709.2890625,1709.3828125,1709.4921875,1709.6875,1709.921875,1710.046875,1710.1875,1710.3359375,1710.4921875,1710.65625,1710.828125,1711.0078125,1711.203125,1711.40625,1711.625,1711.7421875,1711.859375,1711.984375,1712.109375,1712.234375,1712.3671875,1712.640625,1712.9375,1713.25,1713.59375,1713.9609375,1714.3671875,1714.8125,1715.3984375,1716.0,1716.53125,1716.9375,1717.1953125,1717.3671875,1717.4765625,1717.5390625,1717.5859375,1717.6171875,1717.6953125,1717.7421875,1717.9296875,1718.0078125,1718.0859375,1718.2109375,1718.2421875,1718.2578125,1718.28125,1718.3125,1718.3515625,1718.53125,1718.6640625,1719.296875,1719.4765625,1719.5703125,1719.6796875,1719.875,1720.109375,1720.234375,1720.375,1720.5234375,1720.6796875,1720.84375,1721.015625,1721.1953125,1721.390625,1721.59375,1721.8125,1721.9296875,1722.046875,1722.171875,1722.296875,1722.421875,1722.5546875,1722.8359375,1723.1328125,1723.453125,1723.796875,1724.171875,1724.5859375,1725.0390625,1725.6328125,1726.2265625,1726.7421875,1727.140625,1727.390625,1727.5546875,1727.65625,1727.71875,1727.765625,1727.796875,1727.8671875,1727.9140625,1728.109375,1728.1875,1728.265625,1728.3828125,1728.4140625,1728.453125,1728.46875,1728.484375,1728.515625,1728.8125,1729.4765625,1729.6484375,1729.7421875,1729.8515625,1730.046875,1730.28125,1730.40625,1730.546875,1730.6953125,1730.8515625,1731.015625,1731.1875,1731.3671875,1731.5625,1731.765625,1731.984375,1732.1015625,1732.21875,1732.34375,1732.46875,1732.59375,1732.7265625,1733.0,1733.296875,1733.609375,1733.953125,1734.3203125,1734.7265625,1735.1796875,1735.765625,1736.3671875,1736.890625,1737.2890625,1737.5390625,1737.7109375,1737.8203125,1737.8828125,1737.9296875,1737.9609375,1738.0390625,1738.0859375,1738.2734375,1738.3515625,1738.4296875,1738.546875,1738.5859375,1738.6015625,1738.625,1738.65625,1738.6953125,1738.875,1739.0078125,1739.640625,1739.8203125,1739.9140625,1740.0234375,1740.21875,1740.453125,1740.578125,1740.71875,1740.8671875,1741.0234375,1741.1875,1741.359375,1741.5390625,1741.734375,1741.9375,1742.15625,1742.2734375,1742.390625,1742.515625,1742.640625,1742.765625,1742.8984375,1743.171875,1743.4609375,1743.7734375,1744.109375,1744.4765625,1744.875,1745.3203125,1745.90625,1746.5,1747.0234375,1747.4296875,1747.6875,1747.859375,1747.96875,1748.0390625,1748.0859375,1748.125,1748.1953125,1748.2421875,1748.4375,1748.515625,1748.5859375,1748.7109375,1748.7421875,1748.78125,1748.8125,1748.8515625,1749.0390625,1749.171875,1749.8046875,1749.9765625,1750.0703125,1750.1796875,1750.375,1750.609375,1750.734375,1750.875,1751.0234375,1751.1796875,1751.34375,1751.515625,1751.6953125,1751.890625,1752.09375,1752.3125,1752.4296875,1752.546875,1752.671875,1752.796875,1752.921875,1753.0546875,1753.328125,1753.625,1753.9453125,1754.2890625,1754.65625,1755.0625,1755.515625,1756.1015625,1756.6953125,1757.2109375,1757.609375,1757.859375,1758.0234375,1758.1328125,1758.1953125,1758.2421875,1758.2734375,1758.3515625,1758.3984375,1758.5859375,1758.6640625,1758.7421875,1758.859375,1758.8984375,1758.9140625,1758.9375,1758.96875,1759.0078125,1759.1875,1759.3203125,1759.953125,1760.1328125,1760.2265625,1760.3359375,1760.53125,1760.765625,1760.890625,1761.03125,1761.1796875,1761.3359375,1761.5,1761.671875,1761.8515625,1762.046875,1762.25,1762.46875,1762.5859375,1762.703125,1762.8203125,1762.9453125,1763.0703125,1763.203125,1763.4765625,1763.765625,1764.078125,1764.4140625,1764.78125,1765.1796875,1765.625,1766.2109375,1766.8046875,1767.328125,1767.734375,1767.9921875,1768.1640625,1768.2734375,1768.3359375,1768.3828125,1768.421875,1768.4921875,1768.5390625,1768.734375,1768.8125,1768.8828125,1769.0078125,1769.0390625,1769.078125,1769.109375,1769.1484375,1769.3359375,1769.46875,1770.1015625,1770.2734375,1770.3671875,1770.4765625,1770.671875,1770.90625,1771.03125,1771.171875,1771.3203125,1771.4765625,1771.640625,1771.8125,1771.9921875,1772.1875,1772.390625,1772.609375,1772.7265625,1772.84375,1772.96875,1773.09375,1773.21875,1773.3515625,1773.625,1773.921875,1774.234375,1774.578125,1774.9453125,1775.3515625,1775.796875,1776.3828125,1776.9765625,1777.4921875,1777.890625,1778.140625,1778.3046875,1778.4140625,1778.4765625,1778.5234375,1778.5546875,1778.6328125,1778.6796875,1778.8671875,1778.9453125,1779.0234375,1779.140625,1779.1796875,1779.1953125,1779.21875,1779.25,1779.2890625,1779.46875,1779.6015625,1780.234375,1780.4140625,1780.5078125,1780.6171875,1780.8125,1781.046875,1781.171875,1781.3125,1781.4609375,1781.6171875,1781.78125,1781.953125,1782.1328125,1782.328125,1782.53125,1782.75,1782.8671875,1782.984375,1783.1015625,1783.2265625,1783.3515625,1783.484375,1783.7578125,1784.0546875,1784.375,1784.71875,1785.0859375,1785.4921875,1785.9453125,1786.53125,1787.125,1787.640625,1788.03125,1788.28125,1788.4453125,1788.546875,1788.609375,1788.65625,1788.6875,1788.7578125,1788.8125,1789.0,1789.078125,1789.15625,1789.2734375,1789.3125,1789.328125,1789.3515625,1789.3828125,1789.421875,1789.6015625,1789.734375,1790.3671875,1790.546875,1790.640625,1790.75,1790.9453125,1791.1796875,1791.3046875,1791.4453125,1791.59375,1791.75,1791.9140625,1792.0859375,1792.265625,1792.4609375,1792.6640625,1792.8828125,1793.0,1793.1171875,1793.234375,1793.359375,1793.484375,1793.6171875,1793.890625,1794.1875,1794.5078125,1794.8515625,1795.2265625,1795.6328125,1796.0859375,1796.671875,1797.265625,1797.7734375,1798.1640625,1798.40625,1798.5703125,1798.671875,1798.734375,1798.78125,1798.8125,1798.8828125,1798.9296875,1799.125,1799.203125,1799.28125,1799.3984375,1799.4375,1799.453125,1799.4765625,1799.5078125,1799.546875,1799.71875,1799.8515625,1800.4921875,1800.671875,1800.765625,1800.875,1801.0703125,1801.3046875,1801.4296875,1801.5703125,1801.71875,1801.875,1802.0390625,1802.2109375,1802.390625,1802.5859375,1802.7890625,1803.0078125,1803.125,1803.2421875,1803.359375,1803.484375,1803.609375,1803.7421875,1804.015625,1804.3125,1804.6328125,1804.9765625,1805.34375,1805.75,1806.203125,1806.7890625,1807.375,1807.8828125,1808.2734375,1808.5234375,1808.6875,1808.7890625,1808.8515625,1808.8984375,1808.9296875,1809.0,1809.046875,1809.2421875,1809.3203125,1809.3984375,1809.515625,1809.5546875,1809.5703125,1809.59375,1809.625,1809.6640625,1809.84375,1809.9765625,1810.609375,1810.7890625,1810.8828125,1810.9921875,1811.1875,1811.421875,1811.546875,1811.6875,1811.8359375,1811.9921875,1812.15625,1812.328125,1812.5078125,1812.703125,1812.90625,1813.125,1813.2421875,1813.359375,1813.4765625,1813.6015625,1813.7265625,1813.859375,1814.1328125,1814.4296875,1814.7421875,1815.0859375,1815.453125,1815.8515625,1816.296875,1816.8828125,1817.46875,1817.984375,1818.375,1818.625,1818.7890625,1818.8984375,1818.9609375,1819.0078125,1819.0390625,1819.1171875,1819.1640625,1819.3515625,1819.4296875,1819.5078125,1819.625,1819.6640625,1819.6796875,1819.703125,1819.734375,1819.7734375,1819.953125,1820.0859375,1820.71875,1820.8984375,1820.9921875,1821.1015625,1821.296875,1821.53125,1821.65625,1821.796875,1821.9453125,1822.1015625,1822.265625,1822.4375,1822.6171875,1822.8125,1823.015625,1823.234375,1823.3515625,1823.46875,1823.5859375,1823.7109375,1823.9609375,1824.234375,1824.5234375,1824.8359375,1825.171875,1825.5390625,1825.9375,1826.375,1826.953125,1827.5390625,1828.0625,1828.4609375,1828.71875,1828.890625,1829.0,1829.0625,1829.109375,1829.1484375,1829.21875,1829.265625,1829.4609375,1829.5390625,1829.609375,1829.734375,1829.765625,1829.8046875,1829.8359375,1829.8671875,1830.1640625,1830.828125,1831.0,1831.1015625,1831.2109375,1831.40625,1831.640625,1831.765625,1831.90625,1832.0546875,1832.2109375,1832.375,1832.546875,1832.7265625,1832.921875,1833.125,1833.34375,1833.4609375,1833.578125,1833.6953125,1833.8203125,1833.9453125,1834.078125,1834.3515625,1834.640625,1834.953125,1835.296875,1835.6640625,1836.0625,1836.5078125,1837.0859375,1837.671875,1838.1875,1838.578125,1838.828125,1838.9921875,1839.1015625,1839.1640625,1839.2109375,1839.2421875,1839.3203125,1839.3671875,1839.5546875,1839.6328125,1839.7109375,1839.8359375,1839.8671875,1839.8828125,1839.90625,1839.9375,1839.9765625,1840.15625,1840.296875,1840.9296875,1841.1015625,1841.1953125,1841.3046875,1841.5,1841.734375,1841.859375,1842.0,1842.1484375,1842.3046875,1842.46875,1842.640625,1842.8203125,1843.015625,1843.21875,1843.4375,1843.5546875,1843.671875,1843.7890625,1843.9140625,1844.1640625,1844.4375,1844.734375,1845.046875,1845.390625,1845.7578125,1846.15625,1846.6015625,1847.1796875,1847.765625,1848.28125,1848.671875,1848.921875,1849.0859375,1849.1953125,1849.2578125,1849.3046875,1849.3359375,1849.4140625,1849.4609375,1849.6484375,1849.7265625,1849.8046875,1849.9296875,1849.9609375,1849.9765625,1850.0,1850.03125,1850.0703125,1850.25,1850.3828125,1851.015625,1851.1953125,1851.2890625,1851.3984375,1851.59375,1851.828125,1851.953125,1852.09375,1852.2421875,1852.3984375,1852.5625,1852.734375,1852.9140625,1853.109375,1853.3125,1853.53125,1853.6484375,1853.765625,1853.8828125,1854.0078125,1854.2578125,1854.53125,1854.828125,1855.140625,1855.4765625,1855.84375,1856.2421875,1856.6796875,1857.25,1857.8359375,1858.3515625,1858.75,1859.0,1859.171875,1859.28125,1859.34375,1859.390625,1859.421875,1859.5,1859.546875,1859.7421875,1859.8203125,1859.890625,1860.015625,1860.046875,1860.0625,1860.0859375,1860.1171875,1860.15625,1860.34375,1860.4765625,1861.109375,1861.28125,1861.375,1861.484375,1861.6796875,1861.9140625,1862.0390625,1862.1796875,1862.328125,1862.484375,1862.6484375,1862.8203125,1863.0,1863.1953125,1863.3984375,1863.6171875,1863.734375,1863.8515625,1863.9765625,1864.1015625,1864.2265625,1864.359375,1864.6328125,1864.9296875,1865.2421875,1865.5859375,1865.953125,1866.359375,1866.8046875,1867.3828125,1867.96875,1868.4765625,1868.859375,1869.1015625,1869.265625,1869.3671875,1869.4296875,1869.4765625,1869.5078125,1869.578125,1869.6328125,1869.8203125,1869.8984375,1869.9765625,1870.09375,1870.1328125,1870.1484375,1870.171875,1870.203125,1870.2421875,1870.421875,1870.5546875,1871.1875,1871.3671875,1871.4609375,1871.5703125,1871.765625,1872.0,1872.125,1872.265625,1872.4140625,1872.5703125,1872.734375,1872.90625,1873.0859375,1873.28125,1873.484375,1873.703125,1873.8203125,1873.9375,1874.0546875,1874.1796875,1874.3046875,1874.4375,1874.7109375,1875.0078125,1875.328125,1875.671875,1876.0390625,1876.4453125,1876.8984375,1877.4765625,1878.0625,1878.5625,1878.9453125,1879.1796875,1879.34375,1879.4453125,1879.5078125,1879.5546875,1879.5859375,1879.65625,1879.703125,1879.8984375,1879.9765625,1880.0546875,1880.171875,1880.2109375,1880.2265625,1880.25,1880.28125,1880.3203125,1880.5,1880.6328125,1881.265625,1881.4453125,1881.5390625,1881.6484375,1881.84375,1882.078125,1882.203125,1882.34375,1882.4921875,1882.6484375,1882.8125,1882.984375,1883.1640625,1883.359375,1883.5625,1883.78125,1883.8984375,1884.015625,1884.1328125,1884.2578125,1884.3828125,1884.515625,1884.7890625,1885.0859375,1885.3984375,1885.7421875,1886.109375,1886.515625,1886.9609375,1887.5390625,1888.1171875,1888.625,1889.0078125,1889.25,1889.4140625,1889.515625,1889.578125,1889.625,1889.65625,1889.7265625,1889.78125,1889.96875,1890.046875,1890.125,1890.2421875,1890.28125,1890.296875,1890.3203125,1890.3515625,1890.390625,1890.5703125,1890.703125,1891.3359375,1891.515625,1891.609375,1891.71875,1891.9140625,1892.1484375,1892.2734375,1892.4140625,1892.5625,1892.71875,1892.8828125,1893.0546875,1893.234375,1893.4296875,1893.6328125,1893.8515625,1893.96875,1894.0859375,1894.203125,1894.328125,1894.578125,1894.8515625,1895.140625,1895.453125,1895.7890625,1896.15625,1896.5546875,1896.9921875,1897.5625,1898.140625,1898.65625,1899.046875,1899.296875,1899.46875,1899.578125,1899.640625,1899.6875,1899.71875,1899.796875,1899.84375,1900.0390625,1900.1171875,1900.1875,1900.3125,1900.34375,1900.3828125,1900.4140625,1900.453125,1900.640625,1900.7734375,1901.40625,1901.5859375,1901.6796875,1901.7890625,1901.984375,1902.21875,1902.34375,1902.484375,1902.6328125,1902.7890625,1902.953125,1903.125,1903.3046875,1903.5,1903.703125,1903.921875,1904.0390625,1904.15625,1904.2734375,1904.3984375,1904.6484375,1904.921875,1905.21875,1905.53125,1905.8671875,1906.234375,1906.6328125,1907.0703125,1907.640625,1908.21875,1908.7265625,1909.1171875,1909.3671875,1909.53125,1909.640625,1909.703125,1909.75,1909.78125,1909.859375,1909.90625,1910.09375,1910.171875,1910.25,1910.375,1910.40625,1910.421875,1910.4453125,1910.4765625,1910.515625,1910.6953125,1910.8359375,1911.46875,1911.6484375,1911.7421875,1911.8515625,1912.046875,1912.28125,1912.40625,1912.546875,1912.6953125,1912.8515625,1913.015625,1913.1875,1913.3671875,1913.5625,1913.765625,1913.984375,1914.1015625,1914.21875,1914.3359375,1914.4609375,1914.5859375,1914.71875,1914.9921875,1915.2890625,1915.609375,1915.953125,1916.3203125,1916.7265625,1917.1796875,1917.7578125,1918.3359375,1918.8359375,1919.2109375,1919.453125,1919.609375,1919.703125,1919.765625,1919.8046875,1919.84375,1919.9140625,1919.9609375,1920.15625,1920.234375,1920.3046875,1920.4296875,1920.4609375,1920.5,1920.53125,1920.5625,1920.8671875,1921.5234375,1921.703125,1921.796875,1921.90625,1922.1015625,1922.3359375,1922.4609375,1922.6015625,1922.75,1922.90625,1923.0703125,1923.2421875,1923.421875,1923.6171875,1923.8203125,1924.0390625,1924.15625,1924.2734375,1924.390625,1924.515625,1924.765625,1925.0390625,1925.3359375,1925.6484375,1925.984375,1926.3515625,1926.75,1927.1875,1927.7578125,1928.3359375,1928.8359375,1929.2265625,1929.4765625,1929.640625,1929.75,1929.8125,1929.859375,1929.890625,1929.96875,1930.015625,1930.203125,1930.28125,1930.359375,1930.484375,1930.515625,1930.53125,1930.5546875,1930.5859375,1930.625,1930.8046875,1930.9453125,1931.578125,1931.7578125,1931.8515625,1931.9609375,1932.15625,1932.390625,1932.515625,1932.65625,1932.8046875,1932.9609375,1933.125,1933.296875,1933.4765625,1933.671875,1933.875,1934.09375,1934.2109375,1934.328125,1934.4453125,1934.5703125,1934.8203125,1935.09375,1935.3828125,1935.6953125,1936.03125,1936.390625,1936.7890625,1937.2265625,1937.796875,1938.375,1938.8828125,1939.2734375,1939.5234375,1939.6875,1939.796875,1939.859375,1939.90625,1939.9375,1940.015625,1940.0625,1940.2578125,1940.3359375,1940.40625,1940.53125,1940.5625,1940.6015625,1940.6328125,1940.671875,1940.859375,1940.9921875,1941.625,1941.8046875,1941.8984375,1942.0078125,1942.203125,1942.4375,1942.5625,1942.703125,1942.8515625,1943.0078125,1943.171875,1943.34375,1943.5234375,1943.71875,1943.921875,1944.140625,1944.2578125,1944.375,1944.4921875,1944.6171875,1944.8671875,1945.140625,1945.4375,1945.75,1946.09375,1946.4609375,1946.859375,1947.3046875,1947.875,1948.453125,1948.953125,1949.3359375,1949.578125,1949.7421875,1949.84375,1949.90625,1949.953125,1949.984375,1950.0625,1950.109375,1950.296875,1950.375,1950.453125,1950.5703125,1950.609375,1950.625,1950.6484375,1950.6796875,1950.71875,1950.8984375,1951.03125,1951.6640625,1951.84375,1951.9375,1952.046875,1952.2421875,1952.4765625,1952.6015625,1952.7421875,1952.890625,1953.046875,1953.2109375,1953.3828125,1953.5625,1953.7578125,1953.9609375,1954.1796875,1954.296875,1954.4140625,1954.53125,1954.65625,1954.90625,1955.1796875,1955.4765625,1955.7890625,1956.1328125,1956.5,1956.8984375,1957.34375,1957.9140625,1958.4921875,1958.9921875,1959.375,1959.6171875,1959.78125,1959.8828125,1959.9453125,1959.9921875,1960.0234375,1960.1015625,1960.1484375,1960.3359375,1960.4140625,1960.4921875,1960.609375,1960.6484375,1960.6640625,1960.6875,1960.71875,1960.7578125,1960.9375,1961.0703125,1961.703125,1961.8828125,1961.9765625,1962.0859375,1962.28125,1962.515625,1962.640625,1962.78125,1962.9296875,1963.0859375,1963.25,1963.421875,1963.6015625,1963.796875,1964.0,1964.21875,1964.3359375,1964.453125,1964.5703125,1964.6953125,1964.8203125,1964.953125,1965.2265625,1965.5234375,1965.84375,1966.1875,1966.5546875,1966.9609375,1967.4140625,1967.984375,1968.5625,1969.0546875,1969.4296875,1969.671875,1969.828125,1969.921875,1969.984375,1970.0234375,1970.0625,1970.1328125,1970.1796875,1970.375,1970.453125,1970.5234375,1970.6484375,1970.6796875,1970.71875,1970.75,1970.78125,1971.0859375,1971.7421875,1971.921875,1972.015625,1972.125,1972.3203125,1972.5546875,1972.6796875,1972.8203125,1972.96875,1973.125,1973.2890625,1973.4609375,1973.640625,1973.8359375,1974.0390625,1974.2578125,1974.375,1974.4921875,1974.609375,1974.734375,1974.984375,1975.2578125,1975.546875,1975.8515625,1976.1875,1976.546875,1976.9453125,1977.3828125,1977.9453125,1978.5234375,1979.03125,1979.421875,1979.671875,1979.8359375,1979.9453125,1980.0078125,1980.0546875,1980.09375,1980.1640625,1980.2109375,1980.40625,1980.484375,1980.5546875,1980.6796875,1980.7109375,1980.75,1980.78125,1980.8125,1981.1171875,1981.7734375,1981.953125,1982.046875,1982.15625,1982.3515625,1982.5859375,1982.7109375,1982.8515625,1983.0,1983.15625,1983.3203125,1983.4921875,1983.671875,1983.8671875,1984.0703125,1984.2890625,1984.40625,1984.5234375,1984.640625,1984.765625,1985.015625,1985.2890625,1985.5859375,1985.8984375,1986.2421875,1986.609375,1987.0078125,1987.453125,1988.0234375,1988.59375,1989.0859375,1989.46875,1989.7109375,1989.875,1989.9765625,1990.0390625,1990.0859375,1990.1171875,1990.1875,1990.2421875,1990.4296875,1990.5078125,1990.5859375,1990.703125,1990.7421875,1990.7578125,1990.78125,1990.8125,1990.8515625,1991.03125,1991.1640625,1991.796875,1991.9765625,1992.0703125,1992.1796875,1992.375,1992.609375,1992.734375,1992.875,1993.0234375,1993.1796875,1993.34375,1993.515625,1993.6953125,1993.890625,1994.09375,1994.3125,1994.4296875,1994.546875,1994.6640625,1994.7890625,1995.0390625,1995.3125,1995.609375,1995.921875,1996.2578125,1996.625,1997.0234375,1997.46875,1998.0390625,1998.609375,1999.109375,1999.4921875,1999.734375,1999.8984375,2000.0,2000.0625,2000.109375,2000.140625,2000.2109375,2000.265625,2000.453125,2000.53125,2000.609375,2000.7265625,2000.765625,2000.78125,2000.8046875,2000.8359375,2000.875,2001.0546875,2001.1875,2001.8203125,2002.0,2002.09375,2002.203125,2002.3984375,2002.6328125,2002.7578125,2002.8984375,2003.046875,2003.203125,2003.3671875,2003.5390625,2003.71875,2003.9140625,2004.1171875,2004.3359375,2004.453125,2004.5703125,2004.6875,2004.8125,2004.9375,2005.0703125,2005.34375,2005.640625,2005.9609375,2006.3046875,2006.671875,2007.078125,2007.53125,2008.1015625,2008.6796875,2009.171875,2009.5390625,2009.7734375,2009.9296875,2010.0234375,2010.0859375,2010.125,2010.1640625,2010.234375,2010.28125,2010.4765625,2010.5546875,2010.625,2010.75,2010.78125,2010.8203125,2010.8515625,2010.8828125,2011.1875,2011.84375,2012.0234375,2012.1171875,2012.2265625,2012.421875,2012.65625,2012.78125,2012.921875,2013.0703125,2013.2265625,2013.390625,2013.5625,2013.7421875,2013.9375,2014.140625,2014.359375,2014.4765625,2014.59375,2014.7109375,2014.8359375,2014.9609375,2015.09375,2015.3671875,2015.6640625,2015.9765625,2016.3203125,2016.6875,2017.09375,2017.546875,2018.1171875,2018.6875,2019.171875,2019.546875,2019.7890625,2019.9453125,2020.0390625,2020.1015625,2020.140625,2020.1796875,2020.25,2020.296875,2020.4921875,2020.5703125,2020.640625,2020.765625,2020.796875,2020.8359375,2020.8515625,2020.8671875,2020.8984375,2021.203125,2021.859375,2022.0390625,2022.1328125,2022.2421875,2022.4375,2022.671875,2022.796875,2022.9375,2023.0859375,2023.2421875,2023.40625,2023.578125,2023.7578125,2023.953125,2024.15625,2024.375,2024.4921875,2024.609375,2024.7265625,2024.8515625,2025.1015625,2025.375,2025.6640625,2025.9765625,2026.3125,2026.6796875,2027.078125,2027.515625,2028.078125,2028.6484375,2029.1484375,2029.53125,2029.7734375,2029.9375,2030.046875,2030.109375,2030.15625,2030.1875,2030.265625,2030.3125,2030.5,2030.578125,2030.65625,2030.78125,2030.8125,2030.828125,2030.8515625,2030.8828125,2030.921875,2031.109375,2031.2421875,2031.875,2032.0546875,2032.1484375,2032.2578125,2032.453125,2032.6875,2032.8125,2032.953125,2033.1015625,2033.2578125,2033.421875,2033.59375,2033.7734375,2033.96875,2034.171875,2034.390625,2034.5,2034.6171875,2034.734375,2034.859375,2035.109375,2035.3828125,2035.671875,2035.9765625,2036.3125,2036.671875,2037.0703125,2037.5,2038.0625,2038.640625,2039.140625,2039.53125,2039.78125,2039.9453125,2040.0546875,2040.1171875,2040.1640625,2040.203125,2040.2734375,2040.3203125,2040.515625,2040.59375,2040.6640625,2040.7890625,2040.8203125,2040.859375,2040.890625,2040.921875,2041.2265625,2041.8828125,2042.0625,2042.15625,2042.265625,2042.4609375,2042.6953125,2042.8203125,2042.9609375,2043.109375,2043.265625,2043.4296875,2043.6015625,2043.78125,2043.9765625,2044.1796875,2044.3984375,2044.515625,2044.6328125,2044.75,2044.875,2045.125,2045.3984375,2045.6875,2046.0,2046.3359375,2046.6953125,2047.09375,2047.53125,2048.09375,2048.6640625,2049.1640625,2049.546875,2049.7890625,2049.953125,2050.0625,2050.125,2050.171875,2050.203125,2050.28125,2050.328125,2050.515625,2050.59375,2050.671875,2050.796875,2050.828125,2050.84375,2050.8671875,2050.8984375,2050.9375,2051.125,2051.2578125,2051.890625,2052.0703125,2052.1640625,2052.2734375,2052.46875,2052.703125,2052.828125,2052.96875,2053.1171875,2053.2734375,2053.4375,2053.609375,2053.7890625,2053.984375,2054.1875,2054.40625,2054.515625,2054.6328125,2054.75,2054.875,2055.0,2055.1328125,2055.40625,2055.703125,2056.015625,2056.359375,2056.7265625,2057.125,2057.5703125,2058.140625,2058.7109375,2059.203125,2059.578125,2059.8125,2059.96875,2060.0703125,2060.1328125,2060.171875,2060.2109375,2060.28125,2060.328125,2060.5234375,2060.6015625,2060.671875,2060.796875,2060.8359375,2060.8515625,2060.875,2060.90625,2060.9453125,2061.125,2061.2578125,2061.890625,2062.0703125,2062.1640625,2062.2734375,2062.46875,2062.703125,2062.828125,2062.96875,2063.1171875,2063.2734375,2063.4375,2063.609375,2063.7890625,2063.984375,2064.1875,2064.40625,2064.5234375,2064.640625,2064.7578125,2064.8828125,2065.0078125,2065.140625,2065.4140625,2065.7109375,2066.0234375,2066.3671875,2066.734375,2067.140625,2067.5859375,2068.1484375,2068.71875,2069.203125,2069.578125,2069.8125,2069.96875,2070.0703125,2070.1328125,2070.171875,2070.2109375,2070.28125,2070.328125,2070.5234375,2070.6015625,2070.671875,2070.796875,2070.8359375,2070.8515625,2070.875,2070.90625,2070.9453125,2071.125,2071.2578125,2071.890625,2072.0703125,2072.1640625,2072.2734375,2072.46875,2072.703125,2072.828125,2072.96875,2073.1171875,2073.2734375,2073.4375,2073.609375,2073.7890625,2073.984375,2074.1875,2074.40625,2074.5234375,2074.640625,2074.7578125,2074.8828125,2075.1328125,2075.40625,2075.6953125,2076.0,2076.3359375,2076.6953125,2077.09375,2077.53125,2078.09375,2078.6640625,2079.1640625,2079.546875,2079.7890625,2079.953125,2080.0625,2080.125,2080.171875,2080.203125,2080.28125,2080.328125,2080.515625,2080.59375,2080.671875,2080.796875,2080.828125,2080.8671875,2080.8984375,2080.9375,2081.125,2081.2578125,2081.890625,2082.0703125,2082.1640625,2082.2734375,2082.46875,2082.703125,2082.828125,2082.96875,2083.1171875,2083.2734375,2083.4375,2083.609375,2083.7890625,2083.984375,2084.1875,2084.40625,2084.5234375,2084.640625,2084.7578125,2084.8828125,2085.0078125,2085.140625,2085.4140625,2085.7109375,2086.0234375,2086.3671875,2086.734375,2087.140625,2087.5859375,2088.1484375,2088.71875,2089.2109375,2089.578125,2089.8125,2089.96875,2090.0625,2090.125,2090.1640625,2090.203125,2090.2734375,2090.3203125,2090.515625,2090.59375,2090.6640625,2090.7890625,2090.8203125,2090.859375,2090.875,2090.890625,2090.921875,2091.2265625,2091.8828125,2092.0625,2092.15625,2092.265625,2092.4609375,2092.6953125,2092.8203125,2092.9609375,2093.109375,2093.265625,2093.4296875,2093.6015625,2093.78125,2093.9765625,2094.1796875,2094.3984375,2094.515625,2094.6328125,2094.75,2094.875,2095.0,2095.1328125,2095.40625,2095.703125,2096.015625,2096.359375,2096.7265625,2097.1328125,2097.5859375,2098.1484375,2098.71875,2099.203125,2099.5703125,2099.8046875,2099.9609375,2100.0546875,2100.1171875,2100.15625,2100.1953125,2100.265625,2100.3125,2100.5078125,2100.5859375,2100.65625,2100.78125,2100.8125,2100.8515625,2100.8828125,2100.9140625,2101.21875,2101.875,2102.0546875,2102.1484375,2102.2578125,2102.453125,2102.6875,2102.8125,2102.953125,2103.1015625,2103.2578125,2103.421875,2103.59375,2103.7734375,2103.96875,2104.171875,2104.390625,2104.5078125,2104.625,2104.7421875,2104.8671875,2105.1171875,2105.390625,2105.6796875,2105.9921875,2106.328125,2106.6953125,2107.09375,2107.53125,2108.09375,2108.65625,2109.1484375,2109.53125,2109.7734375,2109.9375,2110.0390625,2110.1015625,2110.1484375,2110.1796875,2110.2578125,2110.3046875,2110.4921875,2110.5703125,2110.6484375,2110.765625,2110.8046875,2110.8203125,2110.84375,2110.875,2110.9140625,2111.09375,2111.234375,2111.8671875,2112.046875,2112.140625,2112.25,2112.4453125,2112.6796875,2112.8046875,2112.9453125,2113.09375,2113.25,2113.4140625,2113.5859375,2113.765625,2113.9609375,2114.1640625,2114.3828125,2114.4921875,2114.609375,2114.7265625,2114.8515625,2115.1015625,2115.375,2115.6640625,2115.96875,2116.3046875,2116.6640625,2117.0625,2117.5,2118.0546875,2118.625,2119.125,2119.5078125,2119.75,2119.9140625,2120.0234375,2120.0859375,2120.1328125,2120.1640625,2120.2421875,2120.2890625,2120.4765625,2120.5546875,2120.6328125,2120.7578125,2120.7890625,2120.828125,2120.859375,2120.8984375,2121.0859375,2121.21875,2121.8515625,2122.03125,2122.125,2122.234375,2122.4296875,2122.6640625,2122.7890625,2122.9296875,2123.078125,2123.234375,2123.3984375,2123.5703125,2123.75,2123.9453125,2124.1484375,2124.3671875,2124.484375,2124.6015625,2124.71875,2124.84375,2125.09375,2125.3671875,2125.65625,2125.96875,2126.3046875,2126.6640625,2127.0625,2127.5,2128.0625,2128.625,2129.1171875,2129.5,2129.7421875,2129.90625,2130.0078125,2130.0703125,2130.1171875,2130.1484375,2130.2265625,2130.2734375,2130.4609375,2130.5390625,2130.6171875,2130.7421875,2130.7734375,2130.7890625,2130.8125,2130.84375,2130.8828125,2131.0703125,2131.203125,2131.8359375,2132.015625,2132.109375,2132.21875,2132.4140625,2132.6484375,2132.7734375,2132.9140625,2133.0625,2133.21875,2133.3828125,2133.5546875,2133.734375,2133.9296875,2134.1328125,2134.3515625,2134.46875,2134.5859375,2134.703125,2134.828125,2135.078125,2135.3515625,2135.6484375,2135.9609375,2136.3046875,2136.671875,2137.0703125,2137.515625,2138.078125,2138.640625,2139.125,2139.5,2139.734375,2139.890625,2139.9921875,2140.0546875,2140.1015625,2140.1328125,2140.203125,2140.25,2140.4453125,2140.5234375,2140.6015625,2140.71875,2140.7578125,2140.7734375,2140.796875,2140.828125,2140.8671875,2141.046875,2141.1796875,2141.8203125,2142.0,2142.09375,2142.203125,2142.3984375,2142.6328125,2142.7578125,2142.8984375,2143.046875,2143.203125,2143.3671875,2143.5390625,2143.71875,2143.9140625,2144.1171875,2144.3359375,2144.4453125,2144.5625,2144.6796875,2144.8046875,2145.0546875,2145.328125,2145.6171875,2145.9296875,2146.265625,2146.625,2147.0234375,2147.4609375,2148.0234375,2148.5859375,2149.078125,2149.4609375,2149.703125,2149.8671875,2149.96875,2150.03125,2150.078125,2150.109375,2150.1875,2150.234375,2150.421875,2150.5,2150.578125,2150.703125,2150.734375,2150.75,2150.7734375,2150.8046875,2150.84375,2151.03125,2151.1640625,2151.796875,2151.9765625,2152.0703125,2152.1796875,2152.375,2152.609375,2152.734375,2152.875,2153.0234375,2153.1796875,2153.34375,2153.515625,2153.6953125,2153.890625,2154.09375,2154.3125,2154.421875,2154.5390625,2154.65625,2154.78125,2155.03125,2155.3046875,2155.59375,2155.90625,2156.2421875,2156.6015625,2157.0,2157.4375,2158.0,2158.5625,2159.0546875,2159.4375,2159.6796875,2159.84375,2159.9453125,2160.0078125,2160.0546875,2160.0859375,2160.1640625,2160.2109375,2160.3984375,2160.4765625,2160.5546875,2160.6796875,2160.7109375,2160.7265625,2160.75,2160.78125,2160.8203125,2161.0078125,2161.140625,2161.7734375,2161.953125,2162.046875,2162.15625,2162.3515625,2162.5859375,2162.7109375,2162.8515625,2163.0,2163.15625,2163.3203125,2163.4921875,2163.671875,2163.8671875,2164.0703125,2164.2890625,2164.3984375,2164.515625,2164.6328125,2164.7578125,2165.0078125,2165.28125,2165.578125,2165.890625,2166.2265625,2166.59375,2166.9921875,2167.4375,2168.0,2168.5703125,2169.0546875,2169.4296875,2169.6640625,2169.8203125,2169.921875,2169.984375,2170.03125,2170.0625,2170.1328125,2170.1875,2170.375,2170.453125,2170.53125,2170.6484375,2170.6875,2170.703125,2170.7265625,2170.7578125,2170.796875,2170.9765625,2171.1171875,2171.75,2171.9296875,2172.0234375,2172.1328125,2172.328125,2172.5625,2172.6875,2172.828125,2172.9765625,2173.1328125,2173.296875,2173.46875,2173.6484375,2173.84375,2174.046875,2174.265625,2174.375,2174.4921875,2174.609375,2174.734375,2174.984375,2175.2578125,2175.546875,2175.8515625,2176.1875,2176.546875,2176.9453125,2177.375,2177.9375,2178.5078125,2179.0,2179.3828125,2179.625,2179.7890625,2179.890625,2179.953125,2180.0,2180.03125,2180.109375,2180.15625,2180.34375,2180.421875,2180.5,2180.625,2180.65625,2180.6953125,2180.7265625,2180.765625,2180.953125,2181.09375,2181.71875,2181.8984375,2181.9921875,2182.1015625,2182.296875,2182.53125,2182.65625,2182.796875,2182.9453125,2183.1015625,2183.265625,2183.4375,2183.6171875,2183.8125,2184.015625,2184.234375,2184.3515625,2184.46875,2184.5859375,2184.7109375,2184.8359375,2184.96875,2185.2421875,2185.5390625,2185.8515625,2186.1953125,2186.5625,2186.96875,2187.4140625,2187.9765625,2188.5390625,2189.0234375,2189.390625,2189.6171875,2189.7734375,2189.8671875,2189.9296875,2189.96875,2190.0078125,2190.078125,2190.125,2190.3203125,2190.3984375,2190.46875,2190.59375,2190.625,2190.6640625,2190.6953125,2190.7265625,2191.03125,2191.6875,2191.8671875,2191.9609375,2192.0703125,2192.265625,2192.5,2192.625,2192.765625,2192.9140625,2193.0703125,2193.234375,2193.40625,2193.5859375,2193.78125,2193.984375,2194.203125,2194.3203125,2194.4375,2194.5546875,2194.6796875,2194.9296875,2195.203125,2195.4921875,2195.796875,2196.1328125,2196.4921875,2196.890625,2197.3203125,2197.875,2198.4375,2198.9296875,2199.3125,2199.5546875,2199.71875,2199.828125,2199.890625,2199.9375,2199.96875,2200.046875,2200.09375,2200.2890625,2200.3671875,2200.4375,2200.5625,2200.59375,2200.6328125,2200.6640625,2200.6953125,2201.0,2201.65625,2201.8359375,2201.9296875,2202.0390625,2202.234375,2202.46875,2202.59375,2202.734375,2202.8828125,2203.0390625,2203.203125,2203.375,2203.5546875,2203.75,2203.953125,2204.171875,2204.2890625,2204.40625,2204.5234375,2204.6484375,2204.8984375,2205.171875,2205.4609375,2205.7734375,2206.109375,2206.46875,2206.8671875,2207.3046875,2207.8671875,2208.4296875,2208.921875,2209.296875,2209.53125,2209.6953125,2209.796875,2209.859375,2209.90625,2209.9375,2210.015625,2210.0625,2210.25,2210.328125,2210.40625,2210.5234375,2210.5625,2210.578125,2210.6015625,2210.6328125,2210.671875,2210.859375,2210.9921875,2211.625,2211.8046875,2211.8984375,2212.0078125,2212.203125,2212.4375,2212.5625,2212.703125,2212.8515625,2213.0078125,2213.171875,2213.34375,2213.5234375,2213.71875,2213.921875,2214.140625,2214.25,2214.3671875,2214.484375,2214.609375,2214.734375,2214.8671875,2215.140625,2215.4375,2215.75,2216.09375,2216.4609375,2216.8671875,2217.3125,2217.875,2218.4375,2218.921875,2219.2890625,2219.515625,2219.671875,2219.765625,2219.828125,2219.8671875,2219.90625,2219.9765625,2220.0234375,2220.21875,2220.296875,2220.3671875,2220.4921875,2220.5234375,2220.5625,2220.578125,2220.59375,2220.625,2220.9296875,2221.59375,2221.7734375,2221.8671875,2221.9765625,2222.171875,2222.40625,2222.53125,2222.671875,2222.8203125,2222.9765625,2223.140625,2223.3125,2223.4921875,2223.6875,2223.890625,2224.109375,2224.21875,2224.3359375,2224.453125,2224.578125,2224.828125,2225.1015625,2225.3984375,2225.7109375,2226.0546875,2226.421875,2226.8203125,2227.265625,2227.828125,2228.390625,2228.875,2229.2421875,2229.4765625,2229.6328125,2229.7265625,2229.7890625,2229.8359375,2229.8671875,2229.9375,2229.984375,2230.1796875,2230.2578125,2230.3359375,2230.453125,2230.4921875,2230.5078125,2230.53125,2230.5625,2230.6015625,2230.78125,2230.9140625,2231.546875,2231.7265625,2231.828125,2231.9375,2232.1328125,2232.3671875,2232.4921875,2232.6328125,2232.78125,2232.9375,2233.1015625,2233.2734375,2233.453125,2233.6484375,2233.8515625,2234.0703125,2234.1796875,2234.296875,2234.4140625,2234.5390625,2234.7890625,2235.0625,2235.359375,2235.671875,2236.015625,2236.3828125,2236.78125,2237.2265625,2237.7890625,2238.3515625,2238.8359375,2239.203125,2239.4375,2239.59375,2239.6875,2239.75,2239.796875,2239.828125,2239.8984375,2239.9453125,2240.140625,2240.21875,2240.296875,2240.4140625,2240.453125,2240.46875,2240.4921875,2240.5234375,2240.5625,2240.7421875,2240.875,2241.5078125,2241.6875,2241.7890625,2241.8984375,2242.09375,2242.328125,2242.453125,2242.59375,2242.7421875,2242.8984375,2243.0625,2243.234375,2243.4140625,2243.609375,2243.8125,2244.03125,2244.140625,2244.2578125,2244.375,2244.5,2244.625,2244.7578125,2245.03125,2245.328125,2245.640625,2245.984375,2246.3515625,2246.7578125,2247.203125,2247.765625,2248.328125,2248.8046875,2249.171875,2249.3984375,2249.5546875,2249.6484375,2249.7109375,2249.75,2249.7890625,2249.859375,2249.90625,2250.1015625,2250.1796875,2250.25,2250.375,2250.40625,2250.4453125,2250.4765625,2250.5078125,2250.8125,2251.4765625,2251.65625,2251.75,2251.859375,2252.0546875,2252.2890625,2252.4140625,2252.5546875,2252.703125,2252.859375,2253.0234375,2253.1953125,2253.375,2253.5703125,2253.7734375,2253.9921875,2254.1015625,2254.21875,2254.3359375,2254.4609375,2254.7109375,2254.984375,2255.2734375,2255.5859375,2255.921875,2256.2890625,2256.6875,2257.125,2257.6875,2258.25,2258.734375,2259.109375,2259.34375,2259.5,2259.6015625,2259.6640625,2259.7109375,2259.7421875,2259.8203125,2259.8671875,2260.0546875,2260.1328125,2260.2109375,2260.328125,2260.3671875,2260.3828125,2260.40625,2260.4375,2260.4765625,2260.65625,2260.796875,2261.4296875,2261.609375,2261.703125,2261.8125,2262.0078125,2262.2421875,2262.3671875,2262.5078125,2262.65625,2262.8125,2262.9765625,2263.1484375,2263.328125,2263.5234375,2263.7265625,2263.9453125,2264.0546875,2264.171875,2264.2890625,2264.4140625,2264.6640625,2264.9375,2265.2265625,2265.53125,2265.859375,2266.21875,2266.6171875,2267.046875,2267.609375,2268.171875,2268.6640625,2269.046875,2269.2890625,2269.453125,2269.5546875,2269.6171875,2269.6640625,2269.6953125,2269.7734375,2269.8203125,2270.015625,2270.09375,2270.1640625,2270.2890625,2270.3203125,2270.359375,2270.390625,2270.421875,2270.7265625,2271.3828125,2271.5625,2271.65625,2271.765625,2271.9609375,2272.1953125,2272.3203125,2272.4609375,2272.609375,2272.765625,2272.9296875,2273.1015625,2273.28125,2273.4765625,2273.6796875,2273.8984375,2274.015625,2274.1328125,2274.25,2274.375,2274.5,2274.6328125,2274.90625,2275.203125,2275.515625,2275.859375,2276.2265625,2276.6328125,2277.078125,2277.640625,2278.1953125,2278.671875,2279.0390625,2279.265625,2279.421875,2279.515625,2279.578125,2279.6171875,2279.65625,2279.7265625,2279.7734375,2279.96875,2280.046875,2280.1171875,2280.2421875,2280.2734375,2280.3125,2280.328125,2280.34375,2280.375,2280.6796875,2281.34375,2281.5234375,2281.6171875,2281.7265625,2281.921875,2282.15625,2282.28125,2282.421875,2282.5703125,2282.7265625,2282.890625,2283.0625,2283.2421875,2283.4375,2283.640625,2283.859375,2283.96875,2284.0859375,2284.203125,2284.328125,2284.453125,2284.5859375,2284.859375,2285.15625,2285.46875,2285.8125,2286.1796875,2286.5859375,2287.03125,2287.59375,2288.1484375,2288.625,2288.9921875,2289.21875,2289.375,2289.46875,2289.53125,2289.5703125,2289.609375,2289.6796875,2289.7265625,2289.921875,2290.0,2290.0703125,2290.1953125,2290.2265625,2290.265625,2290.296875,2290.328125,2290.6328125,2291.296875,2291.4765625,2291.5703125,2291.6796875,2291.875,2292.109375,2292.234375,2292.375,2292.5234375,2292.6796875,2292.84375,2293.015625,2293.1953125,2293.390625,2293.59375,2293.8125,2293.921875,2294.0390625,2294.15625,2294.28125,2294.53125,2294.8046875,2295.09375,2295.3984375,2295.734375,2296.09375,2296.4921875,2296.9296875,2297.484375,2298.046875,2298.5390625,2298.9140625,2299.1484375,2299.3125,2299.4140625,2299.4765625,2299.5234375,2299.5546875,2299.6328125,2299.6796875,2299.8671875,2299.9453125,2300.0234375,2300.1484375,2300.1796875,2300.21875,2300.25,2300.2890625,2300.4765625,2300.6171875,2301.2421875,2301.421875,2301.515625,2301.625,2301.8203125,2302.0546875,2302.1796875,2302.3203125,2302.46875,2302.625,2302.7890625,2302.9609375,2303.140625,2303.3359375,2303.5390625,2303.7578125,2303.875,2303.9921875,2304.109375,2304.234375,2304.484375,2304.7578125,2305.0546875,2305.3671875,2305.703125,2306.0703125,2306.46875,2306.9140625,2307.46875,2308.03125,2308.515625,2308.8828125,2309.1171875,2309.2734375,2309.3671875,2309.4296875,2309.4765625,2309.5078125,2309.578125,2309.625,2309.8203125,2309.8984375,2309.9765625,2310.09375,2310.1328125,2310.1484375,2310.171875,2310.203125,2310.2421875,2310.421875,2310.5625,2311.1953125,2311.375,2311.46875,2311.578125,2311.7734375,2312.0078125,2312.1328125,2312.2734375,2312.421875,2312.578125,2312.7421875,2312.9140625,2313.09375,2313.2890625,2313.4921875,2313.7109375,2313.8203125,2313.9375,2314.0546875,2314.1796875,2314.4296875,2314.703125,2314.9921875,2315.296875,2315.6328125,2315.9921875,2316.390625,2316.8203125,2317.375,2317.9375,2318.4296875,2318.8046875,2319.046875,2319.2109375,2319.3125,2319.375,2319.421875,2319.453125,2319.53125,2319.578125,2319.765625,2319.84375,2319.921875,2320.046875,2320.078125,2320.1171875,2320.1484375,2320.1875,2320.375,2320.515625,2321.140625,2321.3203125,2321.4140625,2321.5234375,2321.71875,2321.953125,2322.078125,2322.21875,2322.3671875,2322.5234375,2322.6875,2322.859375,2323.0390625,2323.234375,2323.4375,2323.65625,2323.7734375,2323.890625,2324.0078125,2324.1328125,2324.2578125,2324.390625,2324.6640625,2324.9609375,2325.2734375,2325.6171875,2325.984375,2326.390625,2326.8359375,2327.3984375,2327.953125,2328.4296875,2328.7890625,2329.015625,2329.171875,2329.265625,2329.328125,2329.3671875,2329.40625,2329.4765625,2329.5234375,2329.71875,2329.796875,2329.8671875,2329.9921875,2330.0234375,2330.0625,2330.078125,2330.09375,2330.125,2330.4296875,2331.09375,2331.2734375,2331.3671875,2331.4765625,2331.671875,2331.90625,2332.03125,2332.171875,2332.3203125,2332.4765625,2332.640625,2332.8125,2332.9921875,2333.1875,2333.390625,2333.609375,2333.71875,2333.8359375,2333.953125,2334.078125,2334.328125,2334.6015625,2334.8984375,2335.2109375,2335.5546875,2335.921875,2336.328125,2336.7734375,2337.328125,2337.890625,2338.3671875,2338.734375,2338.9609375,2339.1171875,2339.2109375,2339.2734375,2339.3125,2339.3515625,2339.421875,2339.46875,2339.6640625,2339.7421875,2339.8125,2339.9375,2339.9765625,2339.9921875,2340.015625,2340.046875,2340.0859375,2340.265625,2340.3984375,2341.03125,2341.2109375,2341.3125,2341.421875,2341.6171875,2341.8515625,2341.9765625,2342.1171875,2342.265625,2342.421875,2342.5859375,2342.7578125,2342.9375,2343.1328125,2343.3359375,2343.5546875,2343.6640625,2343.78125,2343.8984375,2344.0234375,2344.2734375,2344.546875,2344.84375,2345.15625,2345.5,2345.8671875,2346.2734375,2346.71875,2347.2734375,2347.8359375,2348.3125,2348.6796875,2348.90625,2349.0625,2349.15625,2349.21875,2349.2578125,2349.296875,2349.3671875,2349.4140625,2349.609375,2349.6875,2349.7578125,2349.8828125,2349.921875,2349.9375,2349.9609375,2349.9921875,2350.03125,2350.2109375,2350.34375,2350.9765625,2351.15625,2351.2578125,2351.3671875,2351.5625,2351.796875,2351.921875,2352.0625,2352.2109375,2352.3671875,2352.53125,2352.703125,2352.8828125,2353.078125,2353.28125,2353.5,2353.609375,2353.7265625,2353.84375,2353.96875,2354.21875,2354.4921875,2354.78125,2355.0859375,2355.4140625,2355.7734375,2356.171875,2356.6015625,2357.15625,2357.71875,2358.2109375,2358.5859375,2358.828125,2358.9921875,2359.09375,2359.15625,2359.203125,2359.234375,2359.3125,2359.359375,2359.5546875,2359.6328125,2359.703125,2359.828125,2359.859375,2359.8984375,2359.9296875,2359.9609375,2360.265625,2360.9296875,2361.109375,2361.203125,2361.3125,2361.5078125,2361.7421875,2361.8671875,2362.0078125,2362.15625,2362.3125,2362.4765625,2362.6484375,2362.828125,2363.0234375,2363.2265625,2363.4453125,2363.5546875,2363.671875,2363.7890625,2363.9140625,2364.1640625,2364.4375,2364.7265625,2365.0390625,2365.375,2365.7421875,2366.140625,2366.578125,2367.1328125,2367.6953125,2368.1796875,2368.546875,2368.78125,2368.9375,2369.0390625,2369.1015625,2369.1484375,2369.1796875,2369.25,2369.3046875,2369.4921875,2369.5703125,2369.6484375,2369.765625,2369.8046875,2369.8203125,2369.84375,2369.875,2369.9140625,2370.1015625,2370.234375,2370.8671875,2371.046875,2371.140625,2371.25,2371.4453125,2371.6796875,2371.8046875,2371.9453125,2372.09375,2372.25,2372.4140625,2372.5859375,2372.765625,2372.9609375,2373.1640625,2373.3828125,2373.5,2373.6171875,2373.734375,2373.859375,2373.984375,2374.1171875,2374.390625,2374.6875,2375.0,2375.34375,2375.7109375,2376.1171875,2376.5625,2377.125,2377.6796875,2378.15625,2378.515625,2378.7421875,2378.890625,2378.984375,2379.046875,2379.0859375,2379.125,2379.1953125,2379.2421875,2379.4375,2379.515625,2379.5859375,2379.7109375,2379.7421875,2379.78125,2379.796875,2379.8125,2379.84375,2380.1484375,2380.8125,2380.9921875,2381.0859375,2381.1953125,2381.390625,2381.625,2381.75,2381.890625,2382.0390625,2382.1953125,2382.359375,2382.53125,2382.7109375,2382.90625,2383.109375,2383.328125,2383.4375,2383.5546875,2383.671875,2383.796875,2384.046875,2384.3203125,2384.609375,2384.921875,2385.2578125,2385.625,2386.0234375,2386.46875,2387.0234375,2387.5859375,2388.0703125,2388.4375,2388.671875,2388.828125,2388.921875,2388.984375,2389.03125,2389.0625,2389.1328125,2389.1875,2389.375,2389.453125,2389.53125,2389.6484375,2389.6875,2389.703125,2389.7265625,2389.7578125,2389.796875,2389.9765625,2390.1171875,2390.75,2390.9296875,2391.0234375,2391.1328125,2391.328125,2391.5625,2391.6875,2391.828125,2391.9765625,2392.1328125,2392.296875,2392.46875,2392.6484375,2392.84375,2393.046875,2393.265625,2393.375,2393.4921875,2393.609375,2393.734375,2393.984375,2394.2578125,2394.546875,2394.8515625,2395.1875,2395.546875,2395.9453125,2396.3828125,2396.9375,2397.5,2397.984375,2398.359375,2398.59375,2398.7578125,2398.859375,2398.921875,2398.96875,2399.0,2399.078125,2399.125,2399.3125,2399.390625,2399.46875,2399.59375,2399.625,2399.640625,2399.6640625,2399.6953125,2399.734375,2399.921875,2400.0546875,2400.6875,2400.8671875,2400.9609375,2401.0703125,2401.265625,2401.5,2401.625,2401.765625,2401.9140625,2402.0703125,2402.234375,2402.40625,2402.5859375,2402.78125,2402.984375,2403.203125,2403.3203125,2403.4375,2403.5546875,2403.6796875,2403.9296875,2404.203125,2404.4921875,2404.796875,2405.1328125,2405.4921875,2405.890625,2406.3203125,2406.875,2407.4375,2407.921875,2408.296875,2408.53125,2408.6953125,2408.796875,2408.859375,2408.90625,2408.9375,2409.015625,2409.0625,2409.25,2409.328125,2409.40625,2409.53125,2409.5625,2409.6015625,2409.6328125,2409.6640625,2409.96875,2410.625,2410.8046875,2410.90625,2411.015625,2411.2109375,2411.4453125,2411.5703125,2411.7109375,2411.859375,2412.015625,2412.1796875,2412.3515625,2412.53125,2412.7265625,2412.9296875,2413.1484375,2413.2578125,2413.375,2413.4921875,2413.6171875,2413.8671875,2414.140625,2414.4296875,2414.734375,2415.0703125,2415.4296875,2415.828125,2416.2578125,2416.8125,2417.375,2417.859375,2418.234375,2418.46875,2418.6328125,2418.734375,2418.796875,2418.84375,2418.875,2418.953125,2419.0,2419.1875,2419.265625,2419.34375,2419.46875,2419.5,2419.5390625,2419.5703125,2419.6015625,2419.90625,2420.5625,2420.7421875,2420.84375,2420.953125,2421.1484375,2421.3828125,2421.5078125,2421.6484375,2421.796875,2421.953125,2422.1171875,2422.2890625,2422.46875,2422.6640625,2422.8671875,2423.0859375,2423.1953125,2423.3125,2423.4296875,2423.5546875,2423.8046875,2424.078125,2424.3671875,2424.671875,2425.0078125,2425.3671875,2425.765625,2426.203125,2426.7578125,2427.3125,2427.796875,2428.171875,2428.40625,2428.5703125,2428.671875,2428.734375,2428.78125,2428.8125,2428.890625,2428.9375,2429.125,2429.203125,2429.28125,2429.40625,2429.4375,2429.4765625,2429.5078125,2429.546875,2429.734375,2429.875,2430.5,2430.6796875,2430.7734375,2430.8828125,2431.078125,2431.3125,2431.4375,2431.578125,2431.7265625,2431.8828125,2432.046875,2432.21875,2432.3984375,2432.59375,2432.796875,2433.015625,2433.1328125,2433.25,2433.3671875,2433.4921875,2433.7421875,2434.015625,2434.3046875,2434.6171875,2434.953125,2435.3203125,2435.71875,2436.15625,2436.7109375,2437.265625,2437.75,2438.1171875,2438.3515625,2438.5078125,2438.609375,2438.671875,2438.71875,2438.75,2438.8203125,2438.875,2439.0625,2439.140625,2439.21875,2439.3359375,2439.375,2439.390625,2439.4140625,2439.4453125,2439.484375,2439.671875,2439.8046875,2440.4375,2440.6171875,2440.7109375,2440.8203125,2441.015625,2441.25,2441.375,2441.515625,2441.6640625,2441.8203125,2441.984375,2442.15625,2442.3359375,2442.53125,2442.734375,2442.953125,2443.0703125,2443.1875,2443.3046875,2443.4296875,2443.6796875,2443.953125,2444.25,2444.5625,2444.90625,2445.2734375,2445.671875,2446.1171875,2446.6796875,2447.234375,2447.7109375,2448.0703125,2448.296875,2448.453125,2448.546875,2448.609375,2448.6484375,2448.6875,2448.7578125,2448.8046875,2449.0,2449.078125,2449.15625,2449.2734375,2449.3125,2449.328125,2449.3515625,2449.3828125,2449.421875,2449.6015625,2449.734375,2450.3671875,2450.546875,2450.6484375,2450.7578125,2450.953125,2451.1875,2451.3125,2451.453125,2451.6015625,2451.7578125,2451.921875,2452.09375,2452.2734375,2452.46875,2452.671875,2452.890625,2453.0,2453.1171875,2453.234375,2453.359375,2453.609375,2453.8828125,2454.171875,2454.4765625,2454.8125,2455.171875,2455.5703125,2456.0,2456.5546875,2457.1171875,2457.6015625,2457.9765625,2458.2109375,2458.375,2458.4765625,2458.5390625,2458.5859375,2458.6171875,2458.6953125,2458.7421875,2458.9296875,2459.0078125,2459.0859375,2459.2109375,2459.2421875,2459.28125,2459.3125,2459.3515625,2459.5390625,2459.6796875,2460.3046875,2460.484375,2460.5859375,2460.6953125,2460.890625,2461.125,2461.25,2461.390625,2461.5390625,2461.6953125,2461.859375,2462.03125,2462.2109375,2462.40625,2462.609375,2462.828125,2462.9375,2463.0546875,2463.171875,2463.296875,2463.546875,2463.8203125,2464.1171875,2464.4296875,2464.765625,2465.1328125,2465.53125,2465.9765625,2466.53125,2467.09375,2467.5703125,2467.9375,2468.1640625,2468.3203125,2468.4140625,2468.4765625,2468.515625,2468.5546875,2468.625,2468.671875,2468.8671875,2468.9453125,2469.0234375,2469.140625,2469.1796875,2469.1953125,2469.21875,2469.25,2469.2890625,2469.46875,2469.609375,2470.2421875,2470.421875,2470.515625,2470.625,2470.8203125,2471.0546875,2471.1796875,2471.3203125,2471.46875,2471.625,2471.7890625,2471.9609375,2472.140625,2472.3359375,2472.5390625,2472.7578125,2472.8671875,2472.984375,2473.1015625,2473.2265625,2473.4765625,2473.75,2474.0390625,2474.34375,2474.6796875,2475.0390625,2475.4375,2475.875,2476.4296875,2476.9921875,2477.4765625,2477.8515625,2478.0859375,2478.2421875,2478.34375,2478.40625,2478.453125,2478.484375,2478.5625,2478.609375,2478.796875,2478.875,2478.953125,2479.078125,2479.109375,2479.125,2479.1484375,2479.1796875,2479.21875,2479.40625,2479.5390625,2480.171875,2480.3515625,2480.4453125,2480.5546875,2480.75,2480.984375,2481.109375,2481.25,2481.3984375,2481.5546875,2481.71875,2481.890625,2482.0703125,2482.265625,2482.46875,2482.6875,2482.8046875,2482.921875,2483.0390625,2483.1640625,2483.4140625,2483.6875,2483.9765625,2484.28125,2484.609375,2484.96875,2485.3671875,2485.796875,2486.3515625,2486.90625,2487.390625,2487.765625,2488.0078125,2488.171875,2488.2734375,2488.3359375,2488.3828125,2488.4140625,2488.4921875,2488.5390625,2488.734375,2488.8125,2488.8828125,2489.0078125,2489.0390625,2489.078125,2489.109375,2489.140625,2489.4453125,2490.109375,2490.2890625,2490.3828125,2490.4921875,2490.6875,2490.921875,2491.046875,2491.1875,2491.3359375,2491.4921875,2491.65625,2491.828125,2492.0078125,2492.203125,2492.40625,2492.625,2492.734375,2492.8515625,2492.96875,2493.09375,2493.34375,2493.6171875,2493.9140625,2494.2265625,2494.5703125,2494.9375,2495.3359375,2495.78125,2496.34375,2496.8984375,2497.375,2497.734375,2497.9609375,2498.1171875,2498.2109375,2498.2734375,2498.3125,2498.3515625,2498.421875,2498.46875,2498.6640625,2498.7421875,2498.8125,2498.9375,2498.9765625,2498.9921875,2499.015625,2499.046875,2499.0859375,2499.265625,2499.3984375,2500.03125,2500.2109375,2500.3125,2500.421875,2500.6171875,2500.8515625,2500.9765625,2501.1171875,2501.265625,2501.421875,2501.5859375,2501.7578125,2501.9375,2502.1328125,2502.3359375,2502.5546875,2502.6640625,2502.78125,2502.8984375,2503.0234375,2503.2734375,2503.546875,2503.84375,2504.15625,2504.4921875,2504.859375,2505.2578125,2505.703125,2506.2578125,2506.8125,2507.2890625,2507.65625,2507.890625,2508.046875,2508.140625,2508.203125,2508.25,2508.28125,2508.3515625,2508.3984375,2508.59375,2508.671875,2508.75,2508.8671875,2508.90625,2508.921875,2508.9453125,2508.9765625,2509.015625,2509.1953125,2509.3359375,2509.96875,2510.1484375,2510.2421875,2510.3515625,2510.546875,2510.78125,2510.90625,2511.046875,2511.1953125,2511.3515625,2511.515625,2511.6875,2511.8671875,2512.0625,2512.265625,2512.484375,2512.59375,2512.7109375,2512.828125,2512.953125,2513.203125,2513.4765625,2513.765625,2514.078125,2514.4140625,2514.78125,2515.1796875,2515.625,2516.1796875,2516.7421875,2517.21875,2517.5859375,2517.8203125,2517.9765625,2518.0703125,2518.1328125,2518.1796875,2518.2109375,2518.28125,2518.328125,2518.5234375,2518.6015625,2518.6796875,2518.796875,2518.8359375,2518.8515625,2518.875,2518.90625,2518.9453125,2519.125,2519.265625,2519.8984375,2520.078125,2520.171875,2520.28125,2520.4765625,2520.7109375,2520.8359375,2520.9765625,2521.125,2521.28125,2521.4453125,2521.6171875,2521.796875,2521.9921875,2522.1953125,2522.4140625,2522.53125,2522.6484375,2522.765625,2522.890625,2523.140625,2523.4140625,2523.7109375,2524.0234375,2524.359375,2524.7265625,2525.125,2525.5703125,2526.125,2526.6875,2527.1640625,2527.5234375,2527.75,2527.90625,2528.0,2528.0625,2528.109375,2528.140625,2528.2109375,2528.2578125,2528.453125,2528.53125,2528.609375,2528.7265625,2528.765625,2528.78125,2528.8046875,2528.8359375,2528.875,2529.0546875,2529.1953125,2529.828125,2530.0078125,2530.1015625,2530.2109375,2530.40625,2530.640625,2530.765625,2530.90625,2531.0546875,2531.2109375,2531.375,2531.546875,2531.7265625,2531.921875,2532.125,2532.34375,2532.4609375,2532.578125,2532.6953125,2532.8203125,2533.0703125,2533.34375,2533.640625,2533.953125,2534.296875,2534.6640625,2535.0625,2535.5078125,2536.0625,2536.6171875,2537.09375,2537.453125,2537.6796875,2537.8359375,2537.9296875,2537.9921875,2538.03125,2538.0703125,2538.140625,2538.1875,2538.3828125,2538.4609375,2538.5390625,2538.65625,2538.6953125,2538.7109375,2538.734375,2538.765625,2538.8046875,2538.984375,2539.125,2539.7578125,2539.9375,2540.03125,2540.140625,2540.3359375,2540.5703125,2540.6953125,2540.8359375,2540.984375,2541.140625,2541.3046875,2541.4765625,2541.65625,2541.8515625,2542.0546875,2542.2734375,2542.3828125,2542.5,2542.6171875,2542.7421875,2542.9921875,2543.265625,2543.5625,2543.875,2544.21875,2544.5859375,2544.9921875,2545.4375,2546.0,2546.5546875,2547.03125,2547.390625,2547.6171875,2547.765625,2547.859375,2547.921875,2547.9609375,2548.0,2548.0703125,2548.1171875,2548.3125,2548.390625,2548.4609375,2548.5859375,2548.625,2548.640625,2548.6640625,2548.6953125,2548.734375,2548.9140625,2549.046875,2549.6796875,2549.859375,2549.9609375,2550.0703125,2550.265625,2550.5,2550.625,2550.765625,2550.9140625,2551.0703125,2551.234375,2551.40625,2551.5859375,2551.78125,2551.984375,2552.203125,2552.3125,2552.4296875,2552.546875,2552.671875,2552.921875,2553.1953125,2553.484375,2553.7890625,2554.125,2554.484375,2554.8828125,2555.3125,2555.8671875,2556.421875,2556.90625,2557.28125,2557.515625,2557.6796875,2557.78125,2557.84375,2557.890625,2557.921875,2558.0,2558.046875,2558.234375,2558.3125,2558.390625,2558.515625,2558.546875,2558.5859375,2558.6171875,2558.6484375,2558.953125,2559.6171875,2559.796875,2559.890625,2560.0,2560.1953125,2560.4296875,2560.5546875,2560.6953125,2560.84375,2561.0,2561.1640625,2561.3359375,2561.515625,2561.7109375,2561.9140625,2562.1328125,2562.2421875,2562.359375,2562.4765625,2562.6015625,2562.8515625,2563.125,2563.4140625,2563.7265625,2564.0625,2564.421875,2564.8203125,2565.2578125,2565.8125,2566.3671875,2566.8515625,2567.21875,2567.453125,2567.609375,2567.7109375,2567.7734375,2567.8203125,2567.8515625,2567.921875,2567.9765625,2568.1640625,2568.2421875,2568.3203125,2568.4375,2568.4765625,2568.4921875,2568.515625,2568.546875,2568.5859375,2568.7734375,2568.90625,2569.5390625,2569.71875,2569.8125,2569.921875,2570.1171875,2570.3515625,2570.4765625,2570.6171875,2570.765625,2570.921875,2571.0859375,2571.2578125,2571.4375,2571.6328125,2571.8359375,2572.0546875,2572.171875,2572.2890625,2572.40625,2572.53125,2572.78125,2573.0546875,2573.3515625,2573.6640625,2574.0078125,2574.375,2574.7734375,2575.21875,2575.7734375,2576.328125,2576.8046875,2577.1640625,2577.390625,2577.546875,2577.640625,2577.703125,2577.7421875,2577.78125,2577.8515625,2577.8984375,2578.09375,2578.171875,2578.25,2578.3671875,2578.40625,2578.421875,2578.4453125,2578.4765625,2578.515625,2578.6953125,2578.8359375,2579.4609375,2579.640625,2579.7421875,2579.8515625,2580.046875,2580.28125,2580.40625,2580.546875,2580.6953125,2580.8515625,2581.015625,2581.1875,2581.3671875,2581.5625,2581.765625,2581.984375,2582.09375,2582.2109375,2582.328125,2582.453125,2582.703125,2582.9765625,2583.265625,2583.5703125,2583.90625,2584.265625,2584.6640625,2585.09375,2585.6484375,2586.203125,2586.6875,2587.0625,2587.296875,2587.4609375,2587.5625,2587.625,2587.671875,2587.703125,2587.78125,2587.828125,2588.015625,2588.09375,2588.171875,2588.296875,2588.328125,2588.3671875,2588.3984375,2588.4296875,2588.734375,2589.390625,2589.5703125,2589.671875,2589.78125,2589.9765625,2590.2109375,2590.3359375,2590.4765625,2590.625,2590.78125,2590.9453125,2591.1171875,2591.296875,2591.4921875,2591.6953125,2591.9140625,2592.0234375,2592.140625,2592.2578125,2592.3828125,2592.6328125,2592.90625,2593.203125,2593.515625,2593.8515625,2594.21875,2594.6171875,2595.0625,2595.6171875,2596.1796875,2596.65625,2597.015625,2597.2421875,2597.3984375,2597.4921875,2597.5546875,2597.6015625,2597.6328125,2597.703125,2597.75,2597.9453125,2598.0234375,2598.1015625,2598.21875,2598.2578125,2598.2734375,2598.296875,2598.328125,2598.3671875,2598.546875,2598.6875,2599.3203125,2599.5,2599.59375,2599.703125,2599.8984375,2600.1328125,2600.2578125,2600.3984375,2600.546875,2600.703125,2600.8671875,2601.0390625,2601.21875,2601.4140625,2601.6171875,2601.8359375,2601.953125,2602.0703125,2602.1875,2602.3125,2602.5625,2602.8359375,2603.125,2603.4296875,2603.765625,2604.125,2604.5234375,2604.953125,2605.5078125,2606.0625,2606.546875,2606.9140625,2607.1484375,2607.3125,2607.4140625,2607.4765625,2607.5234375,2607.5546875,2607.6328125,2607.6796875,2607.8671875,2607.9453125,2608.0234375,2608.1484375,2608.1796875,2608.21875,2608.25,2608.28125,2608.5859375,2609.2421875,2609.421875,2609.5234375,2609.6328125,2609.828125,2610.0625,2610.1875,2610.328125,2610.4765625,2610.6328125,2610.796875,2610.96875,2611.1484375,2611.34375,2611.546875,2611.765625,2611.875,2611.9921875,2612.109375,2612.234375,2612.484375,2612.7578125,2613.0546875,2613.3671875,2613.7109375,2614.078125,2614.4765625,2614.921875,2615.4765625,2616.03125,2616.5078125,2616.8671875,2617.09375,2617.25,2617.34375,2617.40625,2617.4453125,2617.484375,2617.5546875,2617.6015625,2617.796875,2617.875,2617.953125,2618.0703125,2618.109375,2618.125,2618.1484375,2618.1796875,2618.21875,2618.3984375,2618.5390625,2619.171875,2619.3515625,2619.4453125,2619.5546875,2619.75,2619.984375,2620.109375,2620.25,2620.3984375,2620.5546875,2620.71875,2620.890625,2621.0703125,2621.265625,2621.46875,2621.6875,2621.796875,2621.9140625,2622.03125,2622.15625,2622.40625,2622.6796875,2622.96875,2623.28125,2623.6171875,2623.9765625,2624.375,2624.8125,2625.3671875,2625.921875,2626.40625,2626.7734375,2627.0078125,2627.1640625,2627.265625,2627.328125,2627.375,2627.40625,2627.484375,2627.53125,2627.71875,2627.796875,2627.875,2627.9921875,2628.03125,2628.046875,2628.0703125,2628.1015625,2628.140625,2628.328125,2628.4609375,2629.09375,2629.2734375,2629.3671875,2629.4765625,2629.671875,2629.90625,2630.03125,2630.171875,2630.3203125,2630.4765625,2630.640625,2630.8125,2630.9921875,2631.1875,2631.390625,2631.609375,2631.7265625,2631.84375,2631.9609375,2632.0859375,2632.3359375,2632.609375,2632.8984375,2633.203125,2633.53125,2633.890625,2634.2890625,2634.71875,2635.2734375,2635.828125,2636.3125,2636.6875,2636.921875,2637.0859375,2637.1875,2637.25,2637.296875,2637.328125,2637.40625,2637.453125,2637.6484375,2637.7265625,2637.796875,2637.921875,2637.953125,2637.9921875,2638.0234375,2638.0546875,2638.359375,2639.0234375,2639.203125,2639.296875,2639.40625,2639.6015625,2639.8359375,2639.9609375,2640.1015625,2640.25,2640.40625,2640.5703125,2640.7421875,2640.921875,2641.1171875,2641.3203125,2641.5390625,2641.6484375,2641.765625,2641.8828125,2642.0078125,2642.2578125,2642.53125,2642.828125,2643.140625,2643.4765625,2643.84375,2644.2421875,2644.6875,2645.2421875,2645.8046875,2646.28125,2646.640625,2646.8671875,2647.0234375,2647.1171875,2647.1796875,2647.21875,2647.2578125,2647.328125,2647.375,2647.5703125,2647.6484375,2647.7265625,2647.84375,2647.8828125,2647.8984375,2647.921875,2647.953125,2647.9921875,2648.171875,2648.3125,2648.9453125,2649.125,2649.21875,2649.328125,2649.5234375,2649.7578125,2649.8828125,2650.0234375,2650.171875,2650.328125,2650.4921875,2650.6640625,2650.84375,2651.0390625,2651.2421875,2651.4609375,2651.578125,2651.6953125,2651.8125,2651.9375,2652.1875,2652.4609375,2652.75,2653.0625,2653.3984375,2653.765625,2654.1640625,2654.6015625,2655.15625,2655.7109375,2656.1875,2656.5546875,2656.7890625,2656.9453125,2657.0390625,2657.1015625,2657.1484375,2657.1796875,2657.25,2657.3046875,2657.4921875,2657.5703125,2657.6484375,2657.765625,2657.8046875,2657.8203125,2657.84375,2657.875,2657.9140625,2658.1015625,2658.234375,2658.8671875,2659.046875,2659.140625,2659.25,2659.4453125,2659.6796875,2659.8046875,2659.9453125,2660.09375,2660.25,2660.4140625,2660.5859375,2660.765625,2660.9609375,2661.1640625,2661.3828125,2661.5,2661.6171875,2661.734375,2661.859375,2662.109375,2662.3828125,2662.671875,2662.9765625,2663.3125,2663.671875,2664.0703125,2664.5078125,2665.0625,2665.6171875,2666.1015625,2666.46875,2666.703125,2666.859375,2666.9609375,2667.0234375,2667.0703125,2667.1015625,2667.1796875,2667.2265625,2667.4140625,2667.4921875,2667.5703125,2667.6953125,2667.7265625,2667.765625,2667.796875,2667.8359375,2668.0234375,2668.1640625,2668.7890625,2668.96875,2669.0703125,2669.1796875,2669.375,2669.609375,2669.734375,2669.875,2670.0234375,2670.1796875,2670.34375,2670.515625,2670.6953125,2670.890625,2671.09375,2671.3125,2671.421875,2671.5390625,2671.65625,2671.78125,2672.03125,2672.3046875,2672.59375,2672.8984375,2673.2265625,2673.5859375,2673.984375,2674.4140625,2674.96875,2675.5234375,2676.0078125,2676.3828125,2676.6171875,2676.78125,2676.8828125,2676.9453125,2676.9921875,2677.0234375,2677.1015625,2677.1484375,2677.34375,2677.421875,2677.4921875,2677.6171875,2677.6484375,2677.6875,2677.71875,2677.75,2678.0546875,2678.71875,2678.8984375,2678.9921875,2679.1015625,2679.296875,2679.53125,2679.65625,2679.796875,2679.9453125,2680.1015625,2680.265625,2680.4375,2680.6171875,2680.8125,2681.015625,2681.234375,2681.34375,2681.4609375,2681.578125,2681.703125,2681.828125,2681.9609375,2682.234375,2682.53125,2682.84375,2683.1875,2683.5546875,2683.9609375,2684.40625,2684.9609375,2685.515625,2685.984375,2686.34375,2686.5703125,2686.71875,2686.8125,2686.875,2686.9140625,2686.953125,2687.0234375,2687.0703125,2687.265625,2687.34375,2687.4140625,2687.5390625,2687.578125,2687.59375,2687.6171875,2687.6484375,2687.6875,2687.8671875,2688.0,2688.6328125,2688.8125,2688.9140625,2689.0234375,2689.21875,2689.453125,2689.578125,2689.71875,2689.8671875,2690.0234375,2690.1875,2690.359375,2690.5390625,2690.734375,2690.9375,2691.15625,2691.265625,2691.3828125,2691.5,2691.625,2691.875,2692.1484375,2692.4453125,2692.7578125,2693.1015625,2693.46875,2693.8671875,2694.3125,2694.8671875,2695.421875,2695.8984375,2696.2578125,2696.484375,2696.640625,2696.734375,2696.796875,2696.8359375,2696.875,2696.9453125,2696.9921875,2697.1875,2697.265625,2697.3359375,2697.4609375,2697.5,2697.515625,2697.5390625,2697.5703125,2697.609375,2697.7890625,2697.921875,2698.5546875,2698.734375,2698.8359375,2698.9453125,2699.140625,2699.375,2699.5,2699.640625,2699.7890625,2699.9453125,2700.109375,2700.28125,2700.4609375,2700.65625,2700.859375,2701.078125,2701.1875,2701.3046875,2701.421875,2701.546875,2701.796875,2702.0703125,2702.3671875,2702.6796875,2703.015625,2703.3828125,2703.78125,2704.2265625,2704.78125,2705.34375,2705.8203125,2706.1796875,2706.40625,2706.5625,2706.65625,2706.71875,2706.7578125,2706.796875,2706.8671875,2706.9140625,2707.109375,2707.1875,2707.265625,2707.3828125,2707.421875,2707.4375,2707.4609375,2707.4921875,2707.53125,2707.7109375,2707.8515625,2708.484375,2708.6640625,2708.7578125,2708.8671875,2709.0625,2709.296875,2709.421875,2709.5625,2709.7109375,2709.8671875,2710.03125,2710.203125,2710.3828125,2710.578125,2710.78125,2711.0,2711.1171875,2711.234375,2711.3515625,2711.4765625,2711.7265625,2712.0,2712.296875,2712.609375,2712.9453125,2713.3125,2713.7109375,2714.15625,2714.7109375,2715.265625,2715.7421875,2716.1015625,2716.328125,2716.484375,2716.578125,2716.640625,2716.6796875,2716.71875,2716.7890625,2716.8359375,2717.03125,2717.109375,2717.1875,2717.3046875,2717.34375,2717.359375,2717.3828125,2717.4140625,2717.453125,2717.6328125,2717.7734375,2718.40625,2718.5859375,2718.6796875,2718.7890625,2718.984375,2719.21875,2719.34375,2719.484375,2719.6328125,2719.7890625,2719.953125,2720.125,2720.3046875,2720.5,2720.703125,2720.921875,2721.0390625,2721.15625,2721.2734375,2721.3984375,2721.6484375,2721.921875,2722.21875,2722.53125,2722.8671875,2723.234375,2723.6328125,2724.078125,2724.6328125,2725.1875,2725.6640625,2726.0234375,2726.25,2726.40625,2726.5,2726.5625,2726.6015625,2726.640625,2726.7109375,2726.7578125,2726.953125,2727.03125,2727.109375,2727.2265625,2727.265625,2727.28125,2727.3046875,2727.3359375,2727.375,2727.5546875,2727.6953125,2728.328125,2728.5078125,2728.6015625,2728.7109375,2728.90625,2729.140625,2729.265625,2729.40625,2729.5546875,2729.7109375,2729.875,2730.046875,2730.2265625,2730.421875,2730.625,2730.84375,2730.9609375,2731.078125,2731.1953125,2731.3203125,2731.5703125,2731.84375,2732.140625,2732.453125,2732.7890625,2733.15625,2733.5546875,2734.0,2734.5546875,2735.109375,2735.5859375,2735.9453125,2736.171875,2736.328125,2736.421875,2736.484375,2736.5234375,2736.5625,2736.6328125,2736.6796875,2736.875,2736.953125,2737.03125,2737.1484375,2737.1875,2737.203125,2737.2265625,2737.2578125,2737.296875,2737.4765625,2737.6171875,2738.25,2738.4296875,2738.5234375,2738.6328125,2738.828125,2739.0625,2739.1875,2739.328125,2739.4765625,2739.6328125,2739.796875,2739.96875,2740.1484375,2740.34375,2740.546875,2740.765625,2740.8828125,2741.0,2741.1171875,2741.2421875,2741.4921875,2741.765625,2742.0625,2742.375,2742.7109375,2743.078125,2743.4765625,2743.921875,2744.4765625,2745.03125,2745.5078125,2745.8671875,2746.09375,2746.25,2746.34375,2746.40625,2746.4453125,2746.484375,2746.5546875,2746.6015625,2746.796875,2746.875,2746.953125,2747.0703125,2747.109375,2747.125,2747.1484375,2747.1796875,2747.21875,2747.3984375,2747.5390625,2748.171875,2748.3515625,2748.4453125,2748.5546875,2748.75,2748.984375,2749.109375,2749.25,2749.3984375,2749.5546875,2749.71875,2749.890625,2750.0703125,2750.265625,2750.46875,2750.6875,2750.8046875,2750.921875,2751.0390625,2751.1640625,2751.4140625,2751.6875,2751.984375,2752.296875,2752.640625,2753.0078125,2753.40625,2753.8515625,2754.40625,2754.9609375,2755.4296875,2755.7890625,2756.015625,2756.171875,2756.265625,2756.328125,2756.3671875,2756.40625,2756.4765625,2756.5234375,2756.71875,2756.796875,2756.875,2756.9921875,2757.03125,2757.046875,2757.0703125,2757.1015625,2757.140625,2757.3203125,2757.4609375,2758.09375,2758.2734375,2758.3671875,2758.4765625,2758.671875,2758.90625,2759.03125,2759.171875,2759.3203125,2759.4765625,2759.640625,2759.8125,2759.9921875,2760.1875,2760.390625,2760.609375,2760.7265625,2760.84375,2760.9609375,2761.0859375,2761.3359375,2761.609375,2761.90625,2762.21875,2762.5625,2762.9296875,2763.328125,2763.7734375,2764.328125,2764.8828125,2765.359375,2765.71875,2765.9453125,2766.09375,2766.1875,2766.25,2766.2890625,2766.328125,2766.3984375,2766.4453125,2766.640625,2766.71875,2766.796875,2766.9140625,2766.953125,2766.96875,2766.9921875,2767.0234375,2767.0625,2767.2421875,2767.3828125,2768.015625,2768.1953125,2768.2890625,2768.3984375,2768.59375,2768.828125,2768.953125,2769.09375,2769.2421875,2769.3984375,2769.5625,2769.734375,2769.9140625,2770.109375,2770.3125,2770.53125,2770.6484375,2770.765625,2770.8828125,2771.0078125,2771.2578125,2771.53125,2771.828125,2772.140625,2772.484375,2772.8515625,2773.2578125,2773.703125,2774.2578125,2774.8125,2775.28125,2775.640625,2775.8671875,2776.015625,2776.109375,2776.171875,2776.2109375,2776.25,2776.3203125,2776.3671875,2776.5625,2776.640625,2776.7109375,2776.8359375,2776.875,2776.890625,2776.9140625,2776.9453125,2776.984375,2777.1640625,2777.296875,2777.921875,2778.09375,2778.1875,2778.2890625,2778.46875,2778.6875,2778.8046875,2778.9375,2779.0703125,2779.21875,2779.3671875,2779.53125,2779.6953125,2779.875,2780.0625,2780.265625,2780.4765625,2780.5859375,2780.703125,2780.8203125,2780.9453125,2781.0703125,2781.203125,2781.484375,2781.78125,2782.1015625,2782.4453125,2782.828125,2783.2421875,2783.8203125,2784.4296875,2785.0,2785.4453125,2785.71875,2785.90625,2786.015625,2786.0859375,2786.1328125,2786.1640625,2786.2421875,2786.2890625,2786.4765625,2786.5546875,2786.6328125,2786.7578125,2786.796875,2786.8125,2786.8359375,2786.8671875,2786.90625,2787.0859375,2787.21875,2787.8125,2787.953125,2788.1015625,2788.234375,2788.3828125,2788.5625,2788.765625,2788.984375,2789.2265625,2789.359375,2789.4921875,2789.6328125,2789.78125,2790.0078125,2790.125,2790.25,2790.375,2790.5078125,2790.6484375,2790.7890625,2790.9375,2791.0859375,2791.25,2791.4140625,2791.765625,2792.1484375,2792.4296875,2792.7265625,2793.3984375,2794.1796875,2794.9296875,2795.40625,2795.71875,2795.8984375,2795.9609375,2796.0,2796.046875,2796.078125,2796.203125,2796.40625,2796.4765625,2796.5546875,2796.6796875,2796.7109375,2796.75,2796.78125,2796.8125,2797.109375,2797.7265625,2797.859375,2797.984375,2798.09375,2798.21875,2798.3671875,2798.5390625,2798.71875,2798.921875,2799.140625,2799.3828125,2799.6015625,2799.8359375,2799.9609375,2800.09375,2800.2265625,2800.3671875,2800.515625,2800.6640625,2800.8203125,2800.984375,2801.15625,2801.3359375,2801.5234375,2801.71875,2801.9921875,2802.28125,2802.5859375,2802.921875,2803.6953125,2804.5234375,2805.1484375,2805.5625,2805.6953125,2805.796875,2805.8671875,2805.9140625,2805.96875,2806.0,2806.125,2806.3203125,2806.3984375,2806.4765625,2806.6015625,2806.6328125,2806.671875,2806.703125,2806.7421875,2806.9375,2807.09375,2807.6640625,2807.8125,2807.9609375,2808.1484375,2808.2578125,2808.3828125,2808.515625,2808.65625,2808.84375,2809.0546875,2809.28125,2809.5234375,2809.65625,2809.7890625,2809.9296875,2810.0703125,2810.21875,2810.375,2810.5390625,2810.7109375,2810.8828125,2811.0703125,2811.265625,2811.46875,2811.6796875,2811.90625,2812.390625,2812.9765625,2813.6484375,2814.375,2815.0,2815.265625,2815.46875,2815.6171875,2815.7265625,2815.796875,2815.84375,2815.8984375,2815.9375,2816.0,2816.046875,2816.25,2816.328125,2816.3984375,2816.515625,2816.5546875,2816.5703125,2816.59375,2816.625,2816.6640625,2816.8515625,2816.984375,2817.609375,2817.78125,2817.8671875,2817.96875,2818.1484375,2818.359375,2818.4765625,2818.609375,2818.7421875,2818.8828125,2819.03125,2819.1875,2819.3515625,2819.53125,2819.71875,2819.9140625,2820.125,2820.34375,2820.4609375,2820.5859375,2820.71875,2820.8515625,2821.1328125,2821.4296875,2821.75,2822.1015625,2822.484375,2822.8984375,2823.484375,2824.109375,2824.6875,2825.140625,2825.4140625,2825.59375,2825.703125,2825.7734375,2825.8203125,2825.8515625,2825.921875,2825.9765625,2826.1640625,2826.2421875,2826.3203125,2826.4375,2826.4765625,2826.4921875,2826.515625,2826.546875,2826.5859375,2826.7734375,2826.90625,2827.53125,2827.703125,2827.7890625,2827.890625,2828.0703125,2828.28125,2828.3984375,2828.53125,2828.6640625,2828.8046875,2828.953125,2829.109375,2829.2734375,2829.4453125,2829.6328125,2829.828125,2830.03125,2830.25,2830.3671875,2830.4921875,2830.6171875,2830.75,2831.0234375,2831.3203125,2831.6328125,2831.9765625,2832.3515625,2832.7578125,2833.3359375,2833.953125,2834.546875,2835.015625,2835.3046875,2835.5,2835.6171875,2835.6875,2835.734375,2835.7734375,2835.84375,2835.8984375,2836.0859375,2836.1640625,2836.2421875,2836.359375,2836.3984375,2836.4140625,2836.4375,2836.46875,2836.5078125,2836.6875,2836.828125,2837.4453125,2837.6171875,2837.703125,2837.8046875,2837.984375,2838.1953125,2838.4375,2838.5703125,2838.7109375,2838.859375,2839.015625,2839.1796875,2839.3515625,2839.53125,2839.7265625,2839.9296875,2840.1484375,2840.265625,2840.390625,2840.515625,2840.6484375,2840.921875,2841.21875,2841.53125,2841.875,2842.25,2842.65625,2843.234375,2843.859375,2844.4609375,2844.9375,2845.2265625,2845.421875,2845.5390625,2845.609375,2845.65625,2845.6953125,2845.765625,2845.8125,2846.0078125,2846.0859375,2846.15625,2846.28125,2846.3203125,2846.3359375,2846.359375,2846.390625,2846.4296875,2846.609375,2846.7421875,2847.3671875,2847.53125,2847.6171875,2847.71875,2847.890625,2848.1015625,2848.34375,2848.4765625,2848.609375,2848.75,2848.90625,2849.0625,2849.234375,2849.4140625,2849.6015625,2849.796875,2850.0078125,2850.125,2850.2421875,2850.3671875,2850.5,2850.6328125,2850.7734375,2851.0703125,2851.3828125,2851.7265625,2852.1015625,2852.5078125,2853.09375,2853.7265625,2854.3515625,2854.84375,2855.140625,2855.3359375,2855.4609375,2855.53125,2855.578125,2855.609375,2855.6875,2855.734375,2855.9296875,2856.0078125,2856.078125,2856.203125,2856.234375,2856.2734375,2856.2890625,2856.3046875,2856.34375,2856.546875,2856.703125,2857.2734375,2857.4296875,2857.59375,2857.6875,2857.796875,2857.921875,2858.0546875,2858.203125,2858.359375,2858.5703125,2858.796875,2859.0390625,2859.171875,2859.3046875,2859.4453125,2859.59375,2859.75,2859.90625,2860.0703125,2860.2421875,2860.421875,2860.6171875,2860.84375,2861.078125,2861.328125,2861.59375,2861.875,2862.1796875,2862.8671875,2863.3203125,2863.78125,2864.2265625,2864.6015625,2864.8828125,2865.09375,2865.25,2865.3515625,2865.4140625,2865.4609375,2865.4921875,2865.515625,2865.6484375,2865.84375,2865.90625,2865.9921875,2866.125,2866.15625,2866.1953125,2866.2265625,2866.2578125,2866.5625,2867.2109375,2867.375,2867.5546875,2867.7265625,2867.9296875,2868.1640625,2868.2890625,2868.421875,2868.5625,2868.7109375,2868.8671875,2869.03125,2869.203125,2869.390625,2869.5859375,2869.7890625,2869.90625,2870.0234375,2870.1484375,2870.28125,2870.4140625,2870.5546875,2870.8515625,2871.1640625,2871.5078125,2871.8828125,2872.2890625,2872.8828125,2873.53125,2874.171875,2874.6796875,2874.9765625,2875.1796875,2875.3046875,2875.375,2875.421875,2875.453125,2875.5234375,2875.578125,2875.765625,2875.84375,2875.921875,2876.0390625,2876.078125,2876.09375,2876.1171875,2876.1484375,2876.1875,2876.375,2876.5078125,2877.109375,2877.265625,2877.421875,2877.5703125,2877.7421875,2877.9453125,2878.171875,2878.421875,2878.5546875,2878.6953125,2878.84375,2879.0,2879.1640625,2879.3359375,2879.5625,2879.6875,2879.8125,2879.9453125,2880.078125,2880.21875,2880.359375,2880.5078125,2880.6640625,2880.9921875,2881.34375,2881.734375,2882.3203125,2882.9921875,2883.7421875,2884.3984375,2884.796875,2885.0546875,2885.203125,2885.2890625,2885.3359375,2885.375,2885.4453125,2885.5,2885.6875,2885.765625,2885.84375,2885.9609375,2886.0,2886.015625,2886.0390625,2886.0703125,2886.109375,2886.2890625,2886.4296875,2887.0234375,2887.171875,2887.328125,2887.4609375,2887.625,2887.8125,2888.0234375,2888.2578125,2888.3828125,2888.515625,2888.65625,2888.796875,2888.9453125,2889.1015625,2889.328125,2889.4453125,2889.5703125,2889.6953125,2889.828125,2889.96875,2890.109375,2890.2578125,2890.40625,2890.5703125,2890.734375,2891.0859375,2891.46875,2891.75,2892.046875,2892.7109375,2893.46875,2894.1875,2894.6328125,2894.9296875,2895.03125,2895.109375,2895.203125,2895.25,2895.28125,2895.40625,2895.609375,2895.6875,2895.7578125,2895.8828125,2895.921875,2895.9375,2895.9609375,2895.9921875,2896.03125,2896.2109375,2896.34375,2896.9296875,2897.0703125,2897.2109375,2897.3359375,2897.4765625,2897.640625,2897.828125,2898.0390625,2898.265625,2898.515625,2898.6484375,2898.7890625,2899.0078125,2899.125,2899.25,2899.375,2899.5078125,2899.6484375,2899.7890625,2899.9375,2900.0859375,2900.25,2900.4140625,2900.5859375,2900.765625,2901.1484375,2901.4296875,2901.7265625,2902.390625,2903.1796875,2903.96875,2904.484375,2904.828125,2904.9375,2905.0234375,2905.0859375,2905.125,2905.171875,2905.203125,2905.328125,2905.53125,2905.6015625,2905.6796875,2905.8046875,2905.8359375,2905.875,2905.890625,2905.90625,2905.9453125,2906.1484375,2906.3046875,2906.875,2907.03125,2907.1953125,2907.2890625,2907.3984375,2907.5234375,2907.65625,2907.796875,2907.953125,2908.15625,2908.3828125,2908.625,2908.7578125,2908.890625,2909.03125,2909.1796875,2909.3359375,2909.4921875,2909.65625,2909.828125,2910.0078125,2910.203125,2910.421875,2910.65625,2910.90625,2911.1640625,2911.4453125,2911.7421875,2912.40625,2912.8515625,2913.3125,2913.7578125,2914.1484375,2914.4375,2914.6640625,2914.828125,2914.9375,2915.0078125,2915.0546875,2915.0859375,2915.109375,2915.1484375,2915.203125,2915.25,2915.4453125,2915.5078125,2915.59375,2915.7265625,2915.7578125,2915.796875,2915.828125,2915.8671875,2916.0546875,2916.203125,2916.875,2916.984375,2917.109375,2917.25,2917.421875,2917.5546875,2917.703125,2917.8671875,2918.0390625,2918.21875,2918.4140625,2918.625,2918.8515625,2918.96875,2919.0859375,2919.2109375,2919.34375,2919.4765625,2919.6171875,2919.765625,2919.9140625,2920.0703125,2920.234375,2920.40625,2920.5859375,2920.96875,2921.3828125,2921.6875,2922.0078125,2922.734375,2923.5390625,2924.2109375,2924.5703125,2924.796875,2924.921875,2924.9921875,2925.03125,2925.0625,2925.125,2925.171875,2925.3671875,2925.4453125,2925.5234375,2925.640625,2925.6796875,2925.6953125,2925.71875,2925.75,2925.7890625,2925.9765625,2926.109375,2926.7109375,2926.8671875,2927.0234375,2927.171875,2927.34375,2927.5390625,2927.765625,2928.0078125,2928.140625,2928.28125,2928.4296875,2928.578125,2928.734375,2928.90625,2929.1328125,2929.2578125,2929.3828125,2929.515625,2929.6484375,2929.7890625,2929.9296875,2930.078125,2930.234375,2930.5625,2930.9140625,2931.3046875,2931.890625,2932.5703125,2933.3203125,2933.9921875,2934.390625,2934.6484375,2934.8046875,2934.890625,2934.9375,2934.9765625,2935.046875,2935.1015625,2935.2890625,2935.3671875,2935.4453125,2935.5625,2935.6015625,2935.6171875,2935.640625,2935.671875,2935.7109375,2935.890625,2936.03125,2936.625,2936.765625,2936.9140625,2937.046875,2937.1953125,2937.375,2937.5703125,2937.7890625,2938.03125,2938.1640625,2938.296875,2938.4375,2938.5859375,2938.8125,2938.9296875,2939.0546875,2939.1796875,2939.3125,2939.4453125,2939.5859375,2939.734375,2939.8828125,2940.046875,2940.2109375,2940.3828125,2940.5625,2940.9453125,2941.2265625,2941.5234375,2942.1875,2942.9609375,2943.71875,2944.203125,2944.5234375,2944.703125,2944.765625,2944.8046875,2944.8515625,2944.8828125,2945.0078125,2945.2109375,2945.28125,2945.359375,2945.484375,2945.5234375,2945.5390625,2945.5625,2945.59375,2945.6328125,2945.8359375,2946.015625,2946.5859375,2946.6875,2946.7890625,2946.8984375,2947.0234375,2947.171875,2947.3359375,2947.515625,2947.71875,2947.9375,2948.1796875,2948.3984375,2948.6328125,2948.7578125,2948.890625,2949.0234375,2949.1640625,2949.3125,2949.4609375,2949.6171875,2949.78125,2949.953125,2950.1328125,2950.3203125,2950.515625,2950.7890625,2951.078125,2951.3828125,2951.71875,2952.484375,2953.3125,2953.9375,2954.359375,2954.4921875,2954.59375,2954.6640625,2954.71875,2954.7734375,2954.8046875,2954.9296875,2955.1328125,2955.203125,2955.28125,2955.40625,2955.4375,2955.4765625,2955.5078125,2955.546875,2955.75,2955.90625,2956.4765625,2956.6171875,2956.765625,2956.953125,2957.1796875,2957.3125,2957.453125,2957.640625,2957.84375,2958.0625,2958.3046875,2958.4296875,2958.5625,2958.703125,2958.84375,2958.9921875,2959.1484375,2959.3125,2959.4765625,2959.6484375,2959.828125,2960.015625,2960.21875,2960.4296875,2960.6484375,2961.125,2961.6875,2962.328125,2963.0390625,2963.6875,2963.984375,2964.21875,2964.390625,2964.515625,2964.59375,2964.6484375,2964.703125,2964.7421875,2964.8046875,2964.8515625,2965.0546875,2965.1328125,2965.203125,2965.3203125,2965.359375,2965.3984375,2965.4296875,2965.46875,2965.65625,2965.796875,2966.4375,2966.53125,2966.6328125,2966.7421875,2966.8671875,2966.9765625,2967.09375,2967.21875,2967.359375,2967.5,2967.65625,2967.8203125,2968.0,2968.1875,2968.3828125,2968.59375,2968.8125,2968.9296875,2969.046875,2969.171875,2969.3046875,2969.4375,2969.578125,2969.71875,2969.8671875,2970.140625,2970.4296875,2970.7421875,2971.078125,2971.4453125,2971.84375,2972.2890625,2972.75,2973.203125,2973.6015625,2973.921875,2974.1640625,2974.3359375,2974.453125,2974.53125,2974.578125,2974.625,2974.65625,2974.7265625,2974.7734375,2974.96875,2975.046875,2975.125,2975.2421875,2975.28125,2975.296875,2975.3203125,2975.3515625,2975.390625,2975.59375,2975.765625,2976.328125,2976.515625,2976.609375,2976.71875,2976.8359375,2976.9765625,2977.1328125,2977.296875,2977.484375,2977.6796875,2977.8984375,2978.1328125,2978.2578125,2978.3828125,2978.515625,2978.65625,2978.8046875,2978.953125,2979.109375,2979.2734375,2979.4453125,2979.625,2979.8125,2980.0078125,2980.265625,2980.546875,2980.8515625,2981.171875,2981.5234375,2981.90625,2982.7421875,2983.515625,2983.8125,2984.046875,2984.2109375,2984.3359375,2984.421875,2984.4765625,2984.53125,2984.5625,2984.6875,2984.7421875,2984.890625,2984.9609375,2985.0390625,2985.1640625,2985.203125,2985.21875,2985.2421875,2985.2734375,2985.3125,2985.4921875,2985.6328125,2986.2734375,2986.3671875,2986.4609375,2986.5625,2986.6875,2986.8984375,2987.015625,2987.1484375,2987.2890625,2987.4375,2987.59375,2987.7578125,2987.9296875,2988.1171875,2988.3125,2988.5234375,2988.6328125,2988.75,2988.8671875,2988.984375,2989.109375,2989.234375,2989.3671875,2989.5078125,2989.7734375,2990.0625,2990.3671875,2990.6953125,2991.0546875,2991.4453125,2991.875,2992.3359375,2992.8359375,2993.3046875,2993.6796875,2993.96875,2994.15625,2994.2890625,2994.3671875,2994.421875,2994.4609375,2994.5,2994.5703125,2994.6171875,2994.8125,2994.890625,2994.9609375,2995.0859375,2995.125,2995.140625,2995.1640625,2995.1953125,2995.234375,2995.4296875,2995.5859375,2996.1640625,2996.328125,2996.5,2996.609375,2996.7265625,2996.859375,2997.0078125,2997.1640625,2997.3359375,2997.5703125,2997.6953125,2997.828125,2997.96875,2998.109375,2998.265625,2998.421875,2998.5859375,2998.7578125,2998.9375,2999.1328125,2999.3359375,2999.546875,2999.765625,3000.0,3000.0546875,3000.1015625,3000.171875,3000.265625,3000.375,3000.515625,3000.6796875,3000.875,3001.0859375,3001.3125,3001.5546875,3001.8125,3002.0859375,3002.375,3002.6796875,3002.9609375,3003.2578125,3003.5703125,3003.890625,3004.2265625,3004.578125,3004.9453125,3005.328125,3005.7265625,3006.140625,3006.578125,3007.03125,3007.5,3007.9921875,3008.5078125,3009.046875,3009.7578125,3010.5078125,3011.3046875,3012.15625,3013.0546875,3014.015625,3015.0390625,3016.140625,3018.5546875,3021.3515625,3024.609375,3028.4296875,3033.6171875,3040.109375,3068.5625,3084.5,3100.453125,3117.859375,3141.03125,3169.109375,3204.515625,3250.0
-75.956,-74.686,-73.468,-72.106,-70.468,-68.131,-65.347,-57.076,-55.793,-55.248,-54.644,-52.131,-41.756,-31.737,-25.765,-16.007,11.162,14.902,16.438,14.04,1.0681,-5.6226,-11.326,-26.913,-43.598,-48.977,-51.419,-53.7,-55.681,-57.503,-59.074,-60.458,-61.592,-62.517,-63.114,-63.549,-63.716,-63.852,-63.949,-64.012,-64.04,-64.033,-63.99,-63.917,-63.804,-63.661,-63.26,-62.912,-62.5,-61.431,-59.981,-58.27,-57.016,-56.083,-55.725,-55.373,-55.059,-54.704,-53.964,-52.656,-41.226,-38.188,-32.054,-27.498,-18.4,2.842,5.9271,6.722,7.1183,6.5213,5.107,-5.5501,-12.433,-28.033,-41.514,-46.867,-49.071,-51.183,-53.024,-54.766,-56.397,-57.903,-59.209,-60.387,-61.575,-62.572,-63.003,-63.366,-63.685,-63.958,-64.182,-64.351,-64.475,-64.557,-64.591,-64.579,-64.52,-64.411,-64.239,-64.015,-63.726,-63.38,-62.968,-62.49,-61.316,-59.44,-58.496,-57.68,-57.038,-56.499,-56.066,-55.66,-55.282,-54.891,-54.387,-53.615,-51.051,-44.681,-41.066,-32.614,-28.497,-19.326,2.587,5.5397,6.3058,6.7022,6.1645,4.4347,-5.5613,-12.198,-42.409,-48.282,-50.63,-52.644,-55.693,-58.249,-59.391,-60.416,-61.328,-62.129,-62.823,-63.44,-63.949,-64.358,-64.683,-64.919,-65.003,-65.066,-65.105,-65.123,-65.118,-65.091,-64.97,-64.756,-64.451,-64.048,-63.545,-62.935,-62.208,-61.05,-59.636,-58.344,-57.312,-56.614,-56.042,-55.562,-55.046,-54.258,-52.386,-44.041,-40.699,-32.37,-27.472,-18.46,2.4455,5.5387,6.831,6.355,5.0665,-10.869,-42.442,-48.347,-50.704,-52.863,-55.881,-57.248,-58.489,-59.613,-60.621,-61.518,-62.341,-63.017,-63.617,-64.112,-64.521,-64.839,-65.059,-65.134,-65.19,-65.222,-65.233,-65.221,-65.187,-65.053,-64.829,-64.514,-64.102,-63.593,-62.965,-62.22,-61.042,-59.62,-58.337,-57.316,-56.615,-56.061,-55.582,-55.071,-54.299,-52.95,-41.227,-32.417,-27.54,-18.566,2.4142,5.5564,6.8919,6.4348,5.1554,-10.795,-42.378,-48.305,-50.67,-52.836,-55.862,-57.23,-58.474,-59.599,-60.609,-61.507,-62.331,-63.008,-63.609,-64.104,-64.513,-64.832,-65.051,-65.127,-65.182,-65.214,-65.225,-65.214,-65.181,-65.048,-64.824,-64.51,-64.107,-63.598,-62.994,-62.261,-61.096,-59.701,-58.406,-57.374,-56.662,-56.097,-55.602,-55.11,-54.408,-53.182,-41.48,-38.616,-32.223,-27.844,-19.137,2.9583,5.8459,6.5756,6.9218,6.3322,4.5621,-5.4814,-12.141,-42.489,-48.362,-50.708,-52.721,-55.77,-58.326,-59.468,-60.493,-61.404,-62.24,-62.957,-63.56,-64.058,-64.47,-64.79,-65.011,-65.087,-65.143,-65.175,-65.186,-65.174,-65.14,-65.006,-64.78,-64.464,-64.05,-63.538,-62.919,-62.171,-61.001,-59.587,-58.313,-57.301,-56.613,-56.056,-55.575,-55.058,-54.266,-52.388,-44.033,-40.693,-32.339,-27.402,-18.297,2.6675,5.7067,6.5047,6.9355,6.4244,5.1145,-10.818,-42.31,-48.229,-50.595,-52.761,-55.787,-58.327,-59.462,-60.481,-61.387,-62.219,-62.902,-63.507,-64.007,-64.42,-64.742,-64.963,-65.04,-65.096,-65.129,-65.14,-65.128,-65.094,-64.959,-64.733,-64.416,-64.002,-63.489,-62.869,-62.119,-60.947,-59.558,-58.294,-57.28,-56.607,-56.049,-55.565,-55.041,-54.227,-52.301,-44.647,-40.619,-32.267,-27.278,-18.065,2.8571,5.8055,6.5629,6.9441,6.3885,4.644,-5.3768,-12.034,-42.299,-48.203,-50.565,-52.728,-55.751,-58.289,-59.423,-60.441,-61.346,-62.176,-62.859,-63.464,-63.962,-64.375,-64.695,-64.916,-64.992,-65.048,-65.08,-65.091,-65.08,-65.046,-64.912,-64.687,-64.37,-63.965,-63.453,-62.845,-62.108,-60.949,-59.574,-58.31,-57.297,-56.608,-56.051,-55.572,-55.061,-54.293,-52.949,-41.219,-32.373,-27.459,-18.409,2.5751,5.6643,6.9472,6.4666,5.1771,-11.117,-42.468,-48.294,-50.627,-52.631,-55.669,-58.216,-59.354,-60.376,-61.284,-62.117,-62.801,-63.408,-63.908,-64.322,-64.644,-64.865,-64.942,-64.998,-65.03,-65.041,-65.03,-64.997,-64.862,-64.637,-64.32,-63.914,-63.401,-62.78,-62.041,-60.881,-59.502,-58.262,-57.26,-56.583,-56.043,-55.56,-55.041,-54.246,-52.36,-43.998,-40.663,-32.289,-27.318,-18.144,2.7908,5.7752,6.5497,6.9536,6.4213,4.6962,-5.7485,-12.334,-42.128,-48.054,-50.429,-52.603,-55.636,-58.18,-59.317,-60.337,-61.243,-62.076,-62.759,-63.365,-63.864,-64.277,-64.588,-64.812,-64.89,-64.947,-64.98,-64.992,-64.981,-64.948,-64.815,-64.597,-64.281,-63.876,-63.375,-62.767,-62.042,-60.908,-59.544,-58.293,-57.293,-56.603,-56.047,-55.569,-55.065,-54.324,-53.027,-41.301,-38.477,-32.421,-27.542,-18.572,2.4316,5.591,6.9502,6.512,5.2501,-11.009,-42.276,-48.133,-50.481,-52.497,-55.548,-58.104,-59.245,-60.269,-61.179,-62.015,-62.701,-63.309,-63.81,-64.224,-64.537,-64.762,-64.84,-64.897,-64.931,-64.943,-64.932,-64.9,-64.771,-64.554,-64.24,-63.836,-63.335,-62.727,-62.014,-60.88,-59.542,-58.304,-57.289,-56.599,-56.042,-55.565,-55.062,-54.324,-53.033,-41.306,-38.478,-32.418,-27.538,-18.567,2.4323,5.5914,6.9523,6.5167,5.2578,-10.984,-42.207,-48.069,-50.422,-52.58,-55.595,-58.126,-59.258,-60.273,-61.175,-62.003,-62.683,-63.285,-63.781,-64.191,-64.5,-64.721,-64.797,-64.85,-64.883,-64.894,-64.884,-64.851,-64.722,-64.504,-64.189,-63.784,-63.281,-62.672,-61.946,-60.81,-59.469,-58.241,-57.25,-56.572,-56.032,-55.551,-55.038,-54.266,-52.916,-41.181,-32.313,-27.36,-18.232,2.7081,5.7337,6.5287,6.96,6.4571,4.7576,-5.6482,-12.224,-42.231,-48.067,-50.411,-52.425,-55.472,-58.025,-59.165,-60.187,-61.096,-61.93,-62.615,-63.222,-63.722,-64.135,-64.446,-64.67,-64.747,-64.803,-64.836,-64.847,-64.836,-64.802,-64.667,-64.446,-64.128,-63.721,-63.205,-62.593,-61.851,-60.711,-59.379,-58.174,-57.193,-56.524,-55.994,-55.53,-54.999,-54.162,-52.192,-44.505,-40.518,-32.517,-27.706,-18.89,3.1484,5.952,6.6483,6.9589,6.3468,4.9888,-11.99,-41.979,-47.885,-50.259,-52.434,-55.467,-58.009,-59.145,-60.164,-61.069,-61.901,-62.583,-63.187,-63.685,-64.096,-64.405,-64.627,-64.703,-64.756,-64.789,-64.801,-64.79,-64.757,-64.627,-64.408,-64.099,-63.703,-63.201,-62.592,-61.865,-60.753,-59.437,-58.22,-57.243,-56.564,-56.024,-55.543,-55.032,-54.267,-52.929,-41.193,-32.309,-27.355,-18.23,2.7005,5.7288,6.5262,6.962,6.4659,4.775,-5.6067,-12.173,-42.097,-47.946,-50.298,-52.456,-55.471,-58.001,-59.132,-60.146,-61.048,-61.839,-62.525,-63.132,-63.632,-64.045,-64.356,-64.579,-64.656,-64.709,-64.743,-64.755,-64.745,-64.712,-64.582,-64.363,-64.046,-63.639,-63.135,-62.523,-61.781,-60.652,-59.346,-58.152,-57.184,-56.514,-55.983,-55.519,-54.986,-54.142,-52.158,-44.463,-40.487,-32.479,-27.644,-18.78,3.2262,5.9883,6.6674,6.9587,6.3316,4.9679,-11.975,-41.879,-47.785,-50.164,-52.342,-55.378,-57.922,-59.058,-60.078,-60.983,-61.779,-62.467,-63.078,-63.58,-63.995,-64.308,-64.533,-64.61,-64.664,-64.698,-64.71,-64.7,-64.667,-64.538,-64.325,-64.018,-63.623,-63.121,-62.523,-61.807,-60.708,-59.404,-58.2,-57.22,-56.556,-56.015,-55.535,-55.025,-54.268,-52.941,-41.204,-32.304,-27.35,-18.227,2.6931,5.7231,6.9625,6.4728,5.1896,-10.97,-41.97,-47.829,-50.189,-52.354,-55.376,-57.91,-59.042,-60.057,-60.959,-61.752,-62.438,-63.045,-63.546,-63.959,-64.27,-64.492,-64.568,-64.622,-64.655,-64.666,-64.655,-64.622,-64.491,-64.27,-63.96,-63.562,-63.057,-62.457,-61.739,-60.624,-59.33,-58.15,-57.181,-56.511,-55.981,-55.521,-55.001,-54.207,-52.819,-41.569,-38.646,-32.196,-27.166,-19.095,2.9611,5.857,6.5967,6.9636,6.4081,4.683,-5.672,-12.207,-42.002,-47.833,-50.185,-52.342,-55.356,-57.885,-59.015,-60.028,-60.928,-61.719,-62.403,-63.01,-63.509,-63.907,-64.22,-64.445,-64.523,-64.577,-64.611,-64.623,-64.613,-64.58,-64.45,-64.236,-63.928,-63.531,-63.028,-62.428,-61.71,-60.608,-59.327,-58.147,-57.177,-56.507,-55.977,-55.516,-54.997,-54.205,-52.821,-41.57,-38.644,-32.19,-27.158,-19.084,2.9646,5.8574,6.5963,6.9631,6.4088,4.6863,-5.6576,-12.187,-41.944,-47.78,-50.134,-52.295,-55.312,-57.842,-58.972,-59.986,-60.887,-61.677,-62.362,-62.969,-63.467,-63.866,-64.179,-64.404,-64.481,-64.535,-64.569,-64.581,-64.57,-64.537,-64.406,-64.186,-63.867,-63.457,-62.949,-62.334,-61.601,-60.48,-59.193,-58.033,-57.1,-56.454,-55.933,-55.449,-54.941,-54.046,-51.964,-44.216,-40.776,-32.321,-27.382,-18.298,2.6169,5.68,6.9594,6.4951,5.2308,-10.881,-41.769,-47.648,-50.023,-52.199,-55.233,-57.774,-58.909,-59.926,-60.83,-61.624,-62.311,-62.92,-63.421,-63.82,-64.135,-64.361,-64.439,-64.493,-64.527,-64.539,-64.529,-64.498,-64.37,-64.157,-63.85,-63.453,-62.96,-62.36,-61.654,-60.564,-59.296,-58.128,-57.172,-56.52,-55.972,-55.513,-55.001,-54.234,-52.891,-41.149,-32.237,-27.239,-18.033,2.8259,5.785,6.5549,6.9612,6.4458,4.7532,-5.5646,-12.094,-41.783,-47.643,-50.011,-52.182,-55.21,-57.747,-58.88,-59.896,-60.799,-61.591,-62.278,-62.885,-63.385,-63.784,-64.097,-64.322,-64.399,-64.453,-64.487,-64.499,-64.488,-64.454,-64.322,-64.101,-63.789,-63.388,-62.881,-62.277,-61.544,-60.436,-59.175,-58.028,-57.094,-56.448,-55.927,-55.445,-54.942,-54.071,-52.032,-44.305,-40.827,-32.353,-27.438,-18.411,2.51,5.6211,6.954,6.5202,5.2766,-11.191,-41.958,-47.743,-50.082,-52.231,-55.235,-57.756,-58.882,-59.892,-60.789,-61.577,-62.259,-62.862,-63.358,-63.754,-64.065,-64.281,-64.359,-64.413,-64.447,-64.459,-64.448,-64.417,-64.287,-64.068,-63.757,-63.357,-62.851,-62.247,-61.514,-60.418,-59.157,-58.023,-57.089,-56.443,-55.921,-55.437,-54.932,-54.049,-51.99,-44.252,-40.791,-32.318,-27.38,-18.306,2.5911,5.6613,6.9545,6.5019,5.2486,-11.204,-41.931,-47.711,-50.049,-52.198,-55.201,-57.721,-58.847,-59.857,-60.754,-61.541,-62.223,-62.826,-63.322,-63.717,-64.027,-64.243,-64.32,-64.374,-64.408,-64.419,-64.408,-64.377,-64.247,-64.033,-63.723,-63.333,-62.838,-62.237,-61.529,-60.448,-59.203,-58.058,-57.127,-56.487,-55.955,-55.495,-54.978,-54.194,-52.823,-41.077,-32.162,-27.116,-19.026,2.9796,5.8562,6.591,6.9564,6.4071,4.6972,-5.5932,-12.099,-41.676,-47.528,-49.897,-52.071,-55.101,-57.638,-58.771,-59.787,-60.689,-61.482,-62.167,-62.774,-63.273,-63.671,-63.984,-64.202,-64.28,-64.334,-64.369,-64.381,-64.371,-64.34,-64.21,-63.99,-63.679,-63.278,-62.771,-62.166,-61.444,-60.359,-59.123,-57.987,-57.065,-56.434,-55.912,-55.428,-54.923,-54.041,-51.983,-44.245,-40.783,-32.301,-27.354,-18.264,2.6119,5.6679,6.9508,6.4961,5.2442,-11.178,-41.834,-47.619,-49.962,-52.115,-55.122,-57.645,-58.771,-59.782,-60.679,-61.467,-62.149,-62.752,-63.248,-63.643,-63.953,-64.168,-64.245,-64.299,-64.332,-64.343,-64.332,-64.3,-64.169,-63.953,-63.642,-63.241,-62.744,-62.139,-61.429,-60.345,-59.123,-58.001,-57.081,-56.434,-55.913,-55.433,-54.937,-54.094,-52.107,-44.408,-40.43,-32.378,-27.486,-18.518,2.3918,6.0386,6.6849,6.9436,6.2996,4.9399,-5.7492,-12.221,-41.713,-47.524,-49.88,-52.043,-55.062,-57.592,-58.721,-59.734,-60.633,-61.423,-62.106,-62.711,-63.208,-63.604,-63.915,-64.131,-64.208,-64.262,-64.295,-64.306,-64.295,-64.263,-64.132,-63.916,-63.613,-63.222,-62.726,-62.123,-61.414,-60.343,-59.121,-58.0,-57.079,-56.433,-55.912,-55.434,-54.945,-54.124,-52.183,-44.513,-40.489,-32.424,-27.565,-18.671,3.2412,5.9771,6.6516,6.9452,6.3341,4.9945,-5.6784,-12.154,-41.619,-47.449,-49.814,-51.984,-55.01,-57.545,-58.676,-59.69,-60.592,-61.382,-62.067,-62.673,-63.17,-63.567,-63.878,-64.094,-64.172,-64.225,-64.259,-64.27,-64.259,-64.227,-64.095,-63.879,-63.575,-63.184,-62.698,-62.107,-61.399,-60.341,-59.133,-58.013,-57.093,-56.449,-55.911,-55.435,-54.951,-54.152,-52.253,-43.88,-40.545,-32.468,-27.639,-18.814,3.1211,5.9166,6.6179,6.9451,6.3658,4.6426,-5.611,-12.09,-41.529,-47.375,-49.749,-51.926,-54.96,-57.499,-58.632,-59.648,-60.551,-61.343,-62.028,-62.635,-63.134,-63.531,-63.842,-64.059,-64.136,-64.19,-64.223,-64.235,-64.223,-64.191,-64.059,-63.837,-63.523,-63.119,-62.619,-62.012,-61.286,-60.197,-58.996,-57.896,-56.997,-56.374,-55.863,-55.399,-54.88,-53.947,-52.356,-44.018,-40.631,-32.155,-27.112,-19.034,2.9359,5.8227,6.5652,6.9437,6.4125,4.7233,-5.5151,-12.378,-41.418,-47.51,-49.848,-51.998,-55.002,-57.522,-58.647,-59.655,-60.551,-61.338,-62.018,-62.596,-63.096,-63.494,-63.807,-64.023,-64.101,-64.155,-64.188,-64.2,-64.188,-64.156,-64.025,-63.808,-63.495,-63.102,-62.604,-61.998,-61.285,-60.224,-59.024,-57.926,-57.03,-56.396,-55.867,-55.408,-54.905,-54.032,-51.99,-44.26,-40.782,-32.277,-27.322,-18.223,2.6097,5.6545,6.9365,6.4889,5.2475,-11.103,-41.596,-47.394,-49.75,-51.914,-54.934,-57.463,-58.592,-59.604,-60.503,-61.292,-61.975,-62.555,-63.057,-63.456,-63.77,-63.988,-64.066,-64.12,-64.154,-64.166,-64.155,-64.123,-63.991,-63.768,-63.454,-63.05,-62.549,-61.94,-61.214,-60.136,-58.946,-57.858,-56.971,-56.345,-55.826,-55.385,-54.861,-53.906,-52.287,-43.928,-40.57,-32.093,-27.01,-18.861,3.0613,5.8795,6.5926,6.9365,6.3759,4.6702,-5.5525,-12.024,-41.373,-47.454,-49.791,-51.94,-54.944,-57.462,-58.525,-59.543,-60.447,-61.24,-61.926,-62.51,-63.014,-63.416,-63.732,-63.952,-64.03,-64.085,-64.12,-64.132,-64.122,-64.09,-63.964,-63.75,-63.447,-63.056,-62.57,-61.978,-61.28,-60.234,-59.05,-57.953,-57.045,-56.413,-55.892,-55.414,-54.926,-54.113,-52.186,-44.525,-40.485,-32.401,-27.533,-18.628,3.2364,5.9618,6.6346,6.9297,6.3259,4.593,-5.625,-12.08,-41.392,-47.454,-49.784,-51.929,-54.927,-57.442,-58.503,-59.52,-60.422,-61.214,-61.9,-62.482,-62.986,-63.387,-63.702,-63.92,-63.999,-64.053,-64.088,-64.099,-64.088,-64.057,-63.925,-63.708,-63.395,-62.991,-62.49,-61.882,-61.155,-60.089,-58.911,-57.835,-56.946,-56.337,-55.817,-55.376,-54.851,-53.892,-52.268,-43.905,-40.552,-32.07,-26.973,-18.803,3.0919,5.8889,6.5938,6.9289,6.3627,4.6565,-5.5484,-12.383,-41.298,-47.38,-49.72,-51.872,-54.878,-57.398,-58.462,-59.479,-60.384,-61.177,-61.864,-62.447,-62.951,-63.353,-63.669,-63.888,-63.966,-64.021,-64.055,-64.067,-64.056,-64.024,-63.897,-63.682,-63.378,-62.986,-62.499,-61.905,-61.194,-60.145,-58.97,-57.884,-57.0,-56.363,-55.853,-55.395,-54.896,-54.039,-52.026,-44.312,-40.807,-32.282,-27.336,-18.266,2.5441,5.6091,6.9202,6.4933,5.2689,-11.026,-41.403,-47.216,-49.585,-51.759,-54.69,-57.253,-58.395,-59.419,-60.328,-61.126,-61.816,-62.403,-62.91,-63.315,-63.632,-63.853,-63.933,-63.988,-64.023,-64.036,-64.025,-63.994,-63.867,-63.653,-63.349,-62.958,-62.47,-61.877,-61.177,-60.128,-58.967,-57.881,-56.997,-56.378,-55.85,-55.392,-54.895,-54.044,-52.043,-44.335,-40.367,-32.289,-27.349,-18.295,2.5118,5.5893,6.9152,6.4973,5.2794,-11.002,-41.352,-47.391,-49.716,-51.858,-54.852,-57.363,-58.423,-59.438,-60.339,-61.13,-61.814,-62.396,-62.898,-63.298,-63.612,-63.829,-63.907,-63.96,-63.994,-64.005,-63.994,-63.963,-63.831,-63.615,-63.309,-62.916,-62.416,-61.82,-61.106,-60.054,-58.903,-57.827,-56.954,-56.347,-55.835,-55.371,-54.854,-53.929,-52.348,-44.017,-40.618,-32.116,-27.057,-18.962,2.9402,5.805,6.5418,6.9182,6.393,4.7191,-5.4538,-12.287,-41.457,-47.229,-49.583,-51.746,-54.665,-57.219,-58.358,-59.379,-60.285,-61.08,-61.768,-62.353,-62.858,-63.26,-63.576,-63.796,-63.874,-63.929,-63.963,-63.975,-63.963,-63.931,-63.803,-63.587,-63.282,-62.889,-62.4,-61.804,-61.091,-60.052,-58.902,-57.826,-56.953,-56.347,-55.835,-55.373,-54.864,-53.968,-52.428,-44.131,-40.688,-32.173,-27.155,-19.139,2.7854,5.7241,6.4946,6.9131,6.4278,4.7824,-5.3763,-12.216,-41.366,-47.157,-49.52,-51.691,-54.618,-57.177,-58.318,-59.341,-60.248,-61.045,-61.734,-62.32,-62.826,-63.229,-63.546,-63.766,-63.844,-63.899,-63.933,-63.945,-63.934,-63.902,-63.773,-63.557,-63.252,-62.858,-62.358,-61.762,-61.047,-59.994,-58.854,-57.805,-56.93,-56.32,-55.801,-55.362,-54.845,-53.916,-52.33,-43.996,-40.601,-32.095,-27.025,-18.911,2.9651,5.8112,6.5408,6.9097,6.3798,4.7057,-5.4504,-12.274,-41.39,-47.162,-49.518,-51.684,-54.606,-57.161,-58.3,-59.321,-60.228,-61.023,-61.711,-62.296,-62.801,-63.203,-63.519,-63.738,-63.816,-63.871,-63.905,-63.916,-63.904,-63.872,-63.743,-63.526,-63.228,-62.835,-62.357,-61.773,-61.073,-60.036,-58.899,-57.839,-56.968,-56.346,-55.836,-55.379,-54.885,-54.048,-52.073,-44.38,-40.386,-32.293,-27.362,-18.335,2.4467,5.5428,6.8958,6.8245,6.4975,5.2956,-10.935,-41.179,-47.231,-49.567,-51.718,-54.721,-57.238,-58.301,-59.317,-60.22,-61.012,-61.697,-62.279,-62.782,-63.182,-63.496,-63.713,-63.79,-63.844,-63.877,-63.887,-63.876,-63.844,-63.716,-63.5,-63.194,-62.8,-62.3,-61.702,-60.986,-59.945,-58.817,-57.766,-56.904,-56.29,-55.789,-55.347,-54.822,-53.86,-52.232,-43.867,-40.515,-32.4,-27.544,-18.681,3.1318,5.8868,6.5772,6.8992,6.3287,4.6302,-5.5141,-12.318,-41.045,-47.131,-49.483,-51.646,-54.564,-57.116,-58.254,-59.274,-60.179,-60.974,-61.661,-62.245,-62.749,-63.151,-63.466,-63.684,-63.761,-63.815,-63.849,-63.86,-63.849,-63.817,-63.689,-63.473,-63.167,-62.773,-62.283,-61.686,-60.983,-59.942,-58.816,-57.765,-56.903,-56.289,-55.789,-55.349,-54.829,-53.891,-52.294,-43.95,-40.567,-32.057,-26.965,-18.815,3.0176,5.8275,6.5429,6.896,6.3549,4.6777,-5.4548,-12.263,-41.301,-47.07,-49.429,-51.599,-54.523,-57.08,-58.219,-59.24,-60.147,-60.942,-61.631,-62.216,-62.72,-63.122,-63.438,-63.656,-63.734,-63.788,-63.821,-63.832,-63.821,-63.79,-63.662,-63.445,-63.139,-62.745,-62.255,-61.657,-60.954,-59.926,-58.798,-57.761,-56.899,-56.286,-55.785,-55.345,-54.825,-53.888,-52.292,-43.949,-40.565,-32.052,-26.958,-18.807,3.016,5.8235,6.5383,6.8914,6.3513,4.6761,-5.448,-12.253,-41.266,-47.256,-49.571,-51.568,-54.494,-57.052,-58.192,-59.213,-60.12,-60.916,-61.604,-62.189,-62.694,-63.096,-63.411,-63.63,-63.708,-63.761,-63.795,-63.806,-63.795,-63.763,-63.634,-63.418,-63.111,-62.717,-62.226,-61.628,-60.924,-59.882,-58.766,-57.727,-56.878,-56.281,-55.78,-55.339,-54.816,-53.867,-52.255,-43.9,-40.532,-32.406,-27.559,-18.72,3.077,5.8502,6.5503,6.8861,6.3312,4.6475,-5.4706,-12.267,-41.254,-47.238,-49.551,-51.548,-54.473,-57.03,-58.17,-59.191,-60.097,-60.892,-61.58,-62.165,-62.67,-63.071,-63.386,-63.604,-63.682,-63.736,-63.769,-63.779,-63.768,-63.736,-63.607,-63.39,-63.083,-62.688,-62.197,-61.598,-60.894,-59.864,-58.748,-57.723,-56.873,-56.276,-55.774,-55.332,-54.805,-53.841,-52.209,-43.841,-40.493,-32.371,-27.501,-18.615,3.1508,5.8828,6.5654,6.8802,6.3072,4.6127,-5.4997,-12.288,-40.918,-47.005,-49.362,-51.531,-54.454,-57.009,-58.148,-59.169,-60.075,-60.87,-61.557,-62.142,-62.646,-63.047,-63.362,-63.579,-63.657,-63.71,-63.743,-63.754,-63.742,-63.71,-63.581,-63.363,-63.064,-62.669,-62.179,-61.581,-60.864,-59.833,-58.73,-57.704,-56.853,-56.252,-55.744,-55.284,-54.798,-53.826,-52.183,-43.808,-40.47,-32.349,-27.466,-18.553,2.213,5.8986,6.5713,6.8746,6.2921,4.5926,-5.5131,-12.295,-40.901,-46.983,-49.34,-51.508,-54.431,-56.987,-58.126,-59.146,-60.052,-60.847,-61.534,-62.118,-62.622,-63.023,-63.338,-63.555,-63.632,-63.686,-63.718,-63.729,-63.717,-63.684,-63.555,-63.337,-63.037,-62.642,-62.151,-61.553,-60.848,-59.817,-58.714,-57.687,-56.85,-56.269,-55.767,-55.325,-54.798,-53.834,-52.202,-43.835,-40.486,-32.36,-27.486,-18.595,2.1691,5.8759,6.5567,6.8705,6.2985,4.6074,-5.4894,-12.27,-41.185,-47.163,-49.477,-51.612,-54.598,-57.103,-58.16,-59.171,-60.069,-60.857,-61.538,-62.117,-62.616,-63.012,-63.313,-63.53,-63.608,-63.661,-63.694,-63.704,-63.694,-63.662,-63.535,-63.318,-63.02,-62.626,-62.135,-61.549,-60.845,-59.829,-58.727,-57.716,-56.866,-56.269,-55.768,-55.329,-54.811,-53.881,-52.293,-43.957,-40.563,-32.038,-26.942,-18.796,2.9845,5.7912,6.5084,6.8675,6.3378,4.6764,-5.4074,-12.196,-41.096,-47.094,-49.418,-51.561,-54.556,-57.065,-58.124,-59.138,-60.037,-60.826,-61.509,-62.089,-62.589,-62.986,-63.288,-63.505,-63.583,-63.637,-63.67,-63.68,-63.67,-63.638,-63.511,-63.301,-63.004,-62.621,-62.143,-61.559,-60.87,-59.869,-58.783,-57.762,-56.902,-56.292,-55.799,-55.34,-54.838,-53.972,-51.94,-44.216,-40.725,-32.173,-27.173,-18.016,2.6376,5.6127,6.8591,6.4172,5.1992,-10.929,-40.948,-46.987,-49.328,-51.485,-54.397,-56.943,-58.078,-59.095,-59.998,-60.79,-61.475,-62.057,-62.559,-62.958,-63.261,-63.48,-63.558,-63.612,-63.646,-63.656,-63.646,-63.615,-63.488,-63.272,-62.974,-62.58,-62.1,-61.515,-60.811,-59.795,-58.705,-57.679,-56.843,-56.261,-55.76,-55.32,-54.799,-53.86,-52.259,-43.914,-40.533,-32.392,-27.545,-18.716,3.0316,5.8077,6.5124,6.8572,6.3164,4.6502,-5.4204,-12.199,-41.055,-47.048,-49.372,-51.516,-54.511,-57.021,-58.08,-59.093,-59.993,-60.782,-61.464,-62.044,-62.544,-62.941,-63.242,-63.46,-63.537,-63.59,-63.623,-63.633,-63.623,-63.591,-63.463,-63.246,-62.947,-62.552,-62.061,-61.473,-60.768,-59.75,-58.659,-57.659,-56.821,-56.217,-55.728,-55.269,-54.784,-53.818,-52.183,-43.813,-40.467,-32.335,-27.451,-18.544,2.1817,5.8659,6.5411,6.8505,6.2782,4.592,-5.4755,-12.242,-41.071,-47.05,-49.37,-51.509,-54.402,-56.936,-58.004,-59.026,-59.933,-60.728,-61.417,-62.001,-62.506,-62.907,-63.212,-63.432,-63.511,-63.566,-63.599,-63.611,-63.601,-63.57,-63.444,-63.228,-62.93,-62.536,-62.056,-61.47,-60.779,-59.775,-58.686,-57.673,-56.837,-56.256,-55.755,-55.315,-54.797,-53.865,-52.275,-43.938,-40.545,-32.399,-27.559,-18.75,2.9889,5.7799,6.4922,6.8475,6.3181,4.662,-5.8238,-12.536,-40.984,-46.984,-49.312,-51.46,-54.361,-56.9,-57.97,-58.994,-59.903,-60.7,-61.389,-61.975,-62.481,-62.883,-63.188,-63.409,-63.488,-63.543,-63.577,-63.588,-63.579,-63.548,-63.427,-63.219,-62.925,-62.543,-62.076,-61.505,-60.818,-59.831,-58.759,-57.737,-56.892,-56.282,-55.791,-55.334,-54.839,-54.002,-52.025,-44.332,-40.337,-32.22,-27.26,-18.193,2.4621,5.5081,6.8338,6.7614,6.4375,5.2499,-11.213,-41.106,-47.056,-49.366,-51.498,-54.383,-56.911,-57.976,-58.996,-59.901,-60.695,-61.382,-61.965,-62.468,-62.868,-63.171,-63.391,-63.469,-63.523,-63.556,-63.567,-63.557,-63.525,-63.403,-63.194,-62.898,-62.516,-62.048,-61.477,-60.788,-59.8,-58.727,-57.718,-56.872,-56.259,-55.761,-55.329,-54.832,-53.985,-51.991,-44.289,-40.31,-32.195,-27.219,-18.12,2.5144,5.5322,6.8306,6.4213,5.2271,-11.226,-41.097,-47.042,-49.35,-51.482,-54.366,-56.892,-57.958,-58.977,-59.882,-60.676,-61.362,-61.945,-62.448,-62.848,-63.151,-63.37,-63.448,-63.502,-63.535,-63.546,-63.535,-63.504,-63.376,-63.159,-62.86,-62.465,-61.983,-61.396,-60.703,-59.71,-58.633,-57.632,-56.809,-56.206,-55.717,-55.259,-54.777,-53.822,-52.202,-43.843,-40.481,-32.34,-27.465,-18.584,2.1154,5.8219,6.5073,6.8313,6.2759,4.6059,-5.4318,-12.19,-40.943,-46.931,-49.258,-51.405,-54.305,-56.843,-57.913,-58.936,-59.844,-60.641,-61.33,-61.915,-62.42,-62.822,-63.126,-63.347,-63.426,-63.48,-63.514,-63.525,-63.515,-63.484,-63.357,-63.14,-62.841,-62.446,-61.965,-61.378,-60.685,-59.692,-58.614,-57.613,-56.788,-56.2,-55.711,-55.25,-54.763,-53.784,-52.133,-43.754,-40.423,-32.289,-27.381,-18.43,2.2406,5.8718,6.5313,6.8241,6.2411,4.5538,-5.4807,-12.228,-40.957,-46.933,-49.255,-51.399,-54.295,-56.831,-57.9,-58.922,-59.829,-60.625,-61.313,-61.898,-62.403,-62.803,-63.108,-63.328,-63.406,-63.46,-63.494,-63.505,-63.494,-63.463,-63.34,-63.132,-62.835,-62.452,-61.974,-61.4,-60.71,-59.72,-58.658,-57.66,-56.824,-56.244,-55.744,-55.306,-54.795,-53.892,-52.341,-44.037,-40.602,-32.054,-26.985,-18.901,2.8292,5.6835,6.4263,6.822,6.334,4.712,-5.7336,-12.441,-40.801,-46.82,-49.162,-51.321,-54.234,-56.781,-57.854,-58.881,-59.791,-60.591,-61.282,-61.869,-62.376,-62.778,-63.084,-63.306,-63.385,-63.439,-63.474,-63.485,-63.475,-63.444,-63.322,-63.114,-62.818,-62.435,-61.957,-61.383,-60.693,-59.703,-58.641,-57.642,-56.821,-56.24,-55.74,-55.302,-54.789,-53.88,-52.32,-44.009,-40.583,-32.037,-26.957,-18.854,2.8594,5.6954,6.4305,6.8172,6.3217,4.6958,-5.7442,-12.447,-40.787,-46.803,-49.145,-51.304,-54.217,-56.763,-57.836,-58.863,-59.773,-60.572,-61.264,-61.851,-62.357,-62.76,-63.065,-63.287,-63.366,-63.42,-63.454,-63.465,-63.456,-63.425,-63.297,-63.081,-62.781,-62.386,-61.904,-61.316,-60.622,-59.629,-58.563,-57.573,-56.761,-56.19,-55.7,-55.239,-54.748,-53.756,-52.088,-44.426,-40.385,-32.252,-27.323,-18.332,2.3015,5.8861,6.531,6.8075,6.2121,4.5199,-5.4969,-12.232,-40.904,-46.874,-49.197,-51.342,-54.239,-56.775,-57.844,-58.866,-59.773,-60.569,-61.257,-61.842,-62.346,-62.747,-63.051,-63.27,-63.349,-63.403,-63.436,-63.446,-63.436,-63.404,-63.276,-63.065,-62.766,-62.381,-61.9,-61.314,-60.621,-59.641,-58.576,-57.588,-56.779,-56.191,-55.703,-55.245,-54.764,-53.812,-52.195,-43.839,-40.474,-32.326,-27.449,-18.571,2.0898,5.7919,6.4784,6.8064,6.2587,4.5996,-5.8339,-12.517,-40.814,-46.806,-49.14,-51.293,-54.199,-56.741,-57.812,-58.836,-59.745,-60.543,-61.233,-61.819,-62.324,-62.726,-63.03,-63.251,-63.329,-63.384,-63.417,-63.428,-63.417,-63.386,-63.258,-63.047,-62.749,-62.363,-61.883,-61.296,-60.603,-59.623,-58.572,-57.584,-56.774,-56.186,-55.697,-55.237,-54.75,-53.774,-52.127,-43.75,-40.416,-32.276,-27.366,-18.419,2.2129,5.841,6.5021,6.7995,6.2246,4.5483,-5.4537,-12.189,-40.831,-46.81,-49.139,-51.289,-54.191,-56.73,-57.801,-58.824,-59.732,-60.529,-61.218,-61.804,-62.308,-62.709,-63.014,-63.233,-63.312,-63.366,-63.399,-63.409,-63.399,-63.367,-63.244,-63.034,-62.745,-62.362,-61.894,-61.321,-60.643,-59.667,-58.618,-57.634,-56.814,-56.234,-55.735,-55.301,-54.798,-53.93,-51.894,-44.169,-40.681,-32.113,-27.093,-19.106,2.6223,5.5619,6.7937,6.3585,5.1557,-11.223,-40.942,-46.878,-49.189,-51.325,-54.213,-56.742,-57.808,-58.828,-59.732,-60.526,-61.213,-61.796,-62.28,-62.684,-62.99,-63.212,-63.292,-63.346,-63.38,-63.392,-63.382,-63.351,-63.224,-63.013,-62.715,-62.33,-61.849,-61.263,-60.57,-59.589,-58.537,-57.562,-56.751,-56.179,-55.689,-55.228,-54.737,-53.744,-52.075,-44.413,-40.373,-32.237,-27.303,-18.308,2.2929,5.8675,6.5109,6.7877,6.1955,4.5097,-5.4825,-12.207,-40.813,-46.784,-49.112,-51.26,-54.161,-56.7,-57.77,-58.793,-59.7,-60.497,-61.186,-61.771,-62.275,-62.676,-62.98,-63.199,-63.277,-63.331,-63.364,-63.374,-63.364,-63.332,-63.208,-62.997,-62.7,-62.315,-61.834,-61.248,-60.555,-59.574,-58.536,-57.561,-56.75,-56.179,-55.69,-55.23,-54.744,-53.772,-52.129,-43.757,-40.417,-32.273,-27.366,-18.429,2.183,5.8172,6.4819,6.7851,6.2178,4.5497,-5.8614,-12.528,-40.757,-46.74,-49.073,-51.226,-54.133,-56.674,-57.745,-58.77,-59.679,-60.476,-61.165,-61.751,-62.256,-62.657,-62.962,-63.182,-63.26,-63.314,-63.347,-63.357,-63.347,-63.315,-63.186,-62.974,-62.675,-62.288,-61.807,-61.219,-60.526,-59.544,-58.504,-57.527,-56.729,-56.155,-55.685,-55.224,-54.734,-53.745,-52.08,-44.422,-40.376,-32.237,-27.307,-18.321,2.2675,5.8495,6.4964,6.7784,6.1925,4.5129,-5.4671,-12.188,-40.764,-46.738,-49.068,-51.219,-54.123,-56.663,-57.734,-58.757,-59.665,-60.462,-61.151,-61.737,-62.241,-62.642,-62.946,-63.166,-63.244,-63.297,-63.33,-63.341,-63.33,-63.298,-63.169,-62.95,-62.649,-62.251,-61.767,-61.177,-60.482,-59.498,-58.456,-57.491,-56.706,-56.128,-55.649,-55.211,-54.708,-53.945,-51.94,-44.234,-40.718,-32.14,-27.143,-18.019,2.5093,5.4908,6.7709,6.3644,5.1816,-11.162,-40.822,-46.771,-49.091,-51.234,-54.13,-56.664,-57.732,-58.753,-59.66,-60.455,-61.142,-61.726,-62.211,-62.615,-62.922,-63.145,-63.224,-63.279,-63.313,-63.324,-63.314,-63.283,-63.16,-62.951,-62.662,-62.279,-61.811,-61.238,-60.56,-59.595,-58.545,-57.573,-56.764,-56.177,-55.69,-55.235,-54.762,-53.846,-52.275,-43.957,-40.542,-32.375,-27.54,-18.765,2.8653,5.6693,6.3942,6.7726,6.2765,4.6594,-5.7255,-12.404,-40.599,-46.831,-49.136,-51.266,-54.149,-56.674,-57.738,-58.756,-59.66,-60.452,-61.137,-61.719,-62.202,-62.605,-62.91,-63.131,-63.21,-63.264,-63.298,-63.308,-63.298,-63.266,-63.138,-62.926,-62.627,-62.24,-61.759,-61.171,-60.476,-59.507,-58.467,-57.518,-56.72,-56.146,-55.675,-55.213,-54.718,-53.709,-52.02,-44.343,-40.784,-32.192,-27.235,-18.197,2.3511,5.8738,6.5016,6.7615,6.1577,4.4689,-5.4968,-12.205,-40.732,-46.697,-49.026,-51.177,-54.08,-56.619,-57.69,-58.713,-59.621,-60.417,-61.106,-61.691,-62.177,-62.582,-62.89,-63.113,-63.192,-63.247,-63.281,-63.293,-63.283,-63.252,-63.129,-62.92,-62.631,-62.248,-61.779,-61.206,-60.528,-59.576,-58.54,-57.567,-56.759,-56.172,-55.685,-55.23,-54.756,-53.837,-52.262,-43.941,-40.53,-32.364,-27.524,-18.74,2.8715,5.6663,6.3879,6.763,6.2653,4.6491,-5.7249,-12.398,-40.564,-46.796,-49.101,-51.233,-54.117,-56.642,-57.707,-58.725,-59.629,-60.422,-61.107,-61.689,-62.172,-62.575,-62.88,-63.101,-63.179,-63.234,-63.267,-63.278,-63.267,-63.235,-63.107,-62.895,-62.595,-62.208,-61.726,-61.138,-60.443,-59.473,-58.446,-57.497,-56.697,-56.119,-55.641,-55.202,-54.702,-53.667,-51.946,-44.245,-40.721,-32.139,-27.147,-18.039,2.4665,5.4563,6.7505,6.6761,6.3547,5.1812,-11.13,-40.734,-46.686,-49.011,-51.159,-54.059,-56.597,-57.666,-58.688,-59.596,-60.391,-61.08,-61.664,-62.149,-62.554,-62.861,-63.083,-63.163,-63.218,-63.252,-63.263,-63.253,-63.222,-63.098,-62.889,-62.599,-62.215,-61.747,-61.173,-60.482,-59.528,-58.49,-57.53,-56.735,-56.164,-55.676,-55.218,-54.736,-53.784,-52.165,-43.81,-40.446,-32.291,-27.406,-18.524,2.054,5.7367,6.4218,6.753,6.2162,4.5753,-5.7931,-12.451,-40.583,-46.796,-49.095,-51.223,-54.102,-56.624,-57.687,-58.704,-59.607,-60.398,-61.082,-61.664,-62.146,-62.548,-62.852,-63.073,-63.151,-63.205,-63.238,-63.248,-63.237,-63.205,-63.081,-62.876,-62.587,-62.214,-61.746,-61.185,-60.508,-59.557,-58.535,-57.579,-56.772,-56.19,-55.71,-55.275,-54.771,-53.894,-51.842,-44.112,-40.636,-32.066,-27.027,-19.017,2.6268,5.5334,6.7458,6.3097,4.7382,-6.0349,-12.656,-40.752,-46.687,-49.006,-51.149,-54.045,-56.579,-57.646,-58.668,-59.574,-60.369,-61.056,-61.639,-62.124,-62.528,-62.834,-63.056,-63.135,-63.189,-63.223,-63.234,-63.224,-63.192,-63.068,-62.858,-62.56,-62.175,-61.704,-61.129,-60.437,-59.482,-58.456,-57.509,-56.712,-56.138,-55.669,-55.209,-54.722,-53.746,-52.098,-43.725,-40.39,-32.242,-27.326,-18.381,2.1641,5.7774,6.439,6.7422,6.1812,4.5256,-5.8355,-12.482,-40.584,-46.785,-49.081,-51.206,-54.082,-56.602,-57.665,-58.681,-59.583,-60.374,-61.057,-61.638,-62.12,-62.521,-62.826,-63.045,-63.123,-63.177,-63.209,-63.22,-63.21,-63.179,-63.056,-62.853,-62.565,-62.193,-61.726,-61.166,-60.489,-59.538,-58.516,-57.559,-56.751,-56.166,-55.68,-55.23,-54.766,-53.889,-51.834,-44.103,-40.629,-32.059,-27.018,-19.006,2.623,5.5256,6.7366,6.3013,4.7322,-6.0303,-12.647,-40.718,-46.653,-48.973,-51.118,-54.015,-56.55,-57.618,-58.639,-59.546,-60.341,-61.028,-61.612,-62.096,-62.5,-62.807,-63.029,-63.108,-63.162,-63.196,-63.206,-63.196,-63.165,-63.041,-62.83,-62.54,-62.156,-61.686,-61.112,-60.432,-59.478,-58.453,-57.507,-56.71,-56.137,-55.669,-55.212,-54.732,-53.786,-52.177,-43.831,-40.456,-32.297,-27.421,-18.564,1.9949,5.6975,6.3914,6.735,6.2121,4.5841,-5.7624,-12.415,-40.498,-46.716,-49.021,-51.153,-54.037,-56.562,-57.627,-58.645,-59.548,-60.341,-61.026,-61.607,-62.09,-62.492,-62.797,-63.018,-63.096,-63.15,-63.182,-63.193,-63.184,-63.153,-63.03,-62.821,-62.523,-62.138,-61.668,-61.093,-60.401,-59.446,-58.42,-57.471,-56.687,-56.11,-55.633,-55.198,-54.707,-53.711,-52.037,-44.375,-40.339,-32.197,-27.254,-18.256,2.2513,5.8046,6.4464,6.7268,6.1467,4.4808,-5.8677,-12.503,-40.564,-46.755,-49.049,-51.173,-54.048,-56.567,-57.629,-58.645,-59.546,-60.337,-61.02,-61.6,-62.082,-62.483,-62.787,-63.006,-63.084,-63.138,-63.169,-63.18,-63.17,-63.139,-63.016,-62.806,-62.508,-62.122,-61.641,-61.065,-60.372,-59.416,-58.388,-57.452,-56.666,-56.106,-55.628,-55.192,-54.694,-53.675,-51.973,-44.287,-40.743,-32.152,-27.178,-18.117,2.3597,5.8468,6.4661,6.7193,6.1151,4.4339,-5.4876,-12.175,-40.584,-46.763,-49.053,-51.173,-54.045,-56.562,-57.623,-58.638,-59.538,-60.328,-61.011,-61.59,-62.071,-62.472,-62.775,-62.994,-63.072,-63.125,-63.156,-63.167,-63.157,-63.126,-63.002,-62.792,-62.494,-62.108,-61.638,-61.062,-60.369,-59.414,-58.4,-57.466,-56.682,-56.105,-55.628,-55.192,-54.697,-53.689,-52.0,-44.325,-40.766,-32.17,-27.211,-18.18,2.3024,5.8196,6.4498,6.7165,6.1253,4.4535,-5.8869,-12.515,-40.55,-46.735,-49.028,-51.151,-54.026,-56.544,-57.606,-58.622,-59.523,-60.313,-60.996,-61.576,-62.058,-62.459,-62.762,-62.982,-63.059,-63.113,-63.144,-63.155,-63.145,-63.114,-62.99,-62.78,-62.49,-62.105,-61.636,-61.073,-60.394,-59.441,-58.429,-57.482,-56.701,-56.128,-55.659,-55.201,-54.718,-53.758,-52.13,-43.77,-40.415,-32.261,-27.364,-18.469,2.0528,5.71,6.3894,6.7168,6.1814,4.5481,-5.7811,-12.422,-40.455,-46.667,-48.972,-51.104,-53.989,-56.514,-57.579,-58.597,-59.5,-60.292,-60.977,-61.558,-62.041,-62.443,-62.748,-62.968,-63.046,-63.1,-63.132,-63.143,-63.105,-62.983,-62.782,-62.495,-62.123,-61.657,-61.098,-60.433,-59.496,-58.489,-57.532,-56.739,-56.154,-55.669,-55.218,-54.755,-53.878,-51.825,-44.095,-40.621,-32.049,-27.008,-19.002,2.5892,5.4916,6.7095,6.2822,5.0964,-11.147,-40.616,-46.553,-49.05,-51.164,-54.029,-56.54,-57.6,-58.612,-59.511,-60.3,-60.981,-61.559,-62.039,-62.439,-62.741,-62.96,-63.037,-63.09,-63.12,-63.131,-63.121,-63.089,-62.965,-62.76,-62.471,-62.087,-61.618,-61.056,-60.377,-59.437,-58.427,-57.481,-56.699,-56.127,-55.659,-55.203,-54.727,-53.794,-52.201,-43.868,-40.476,-32.311,-27.451,-18.636,2.8778,5.635,6.3443,6.7089,6.2089,4.6011,-5.7144,-12.723,-40.701,-46.606,-48.918,-51.057,-53.948,-56.479,-57.545,-58.565,-59.469,-60.263,-60.949,-61.531,-62.015,-62.418,-62.723,-62.944,-63.022,-63.076,-63.108,-63.119,-63.081,-62.961,-62.753,-62.465,-62.082,-61.614,-61.052,-60.374,-59.434,-58.424,-57.478,-56.697,-56.124,-55.656,-55.199,-54.72,-53.777,-52.17,-43.826,-40.449,-32.288,-27.414,-18.569,2.9245,5.6555,6.3535,6.7047,6.1928,4.5776,-5.7353,-12.377,-40.381,-46.603,-48.914,-51.051,-53.941,-56.47,-57.536,-58.556,-59.46,-60.253,-60.939,-61.521,-62.005,-62.407,-62.712,-62.933,-63.011,-63.065,-63.097,-63.108,-63.07,-62.949,-62.741,-62.453,-62.079,-61.612,-61.051,-60.386,-59.461,-58.452,-57.509,-56.715,-56.146,-55.66,-55.207,-54.737,-53.834,-52.282,-43.982,-40.548,-31.986,-26.905,-18.827,2.7148,5.5479,6.2916,6.6994,6.2402,4.6618,-6.0614,-12.655,-40.618,-46.541,-48.862,-51.008,-53.907,-56.443,-57.511,-58.533,-59.439,-60.234,-60.921,-61.505,-61.989,-62.393,-62.699,-62.921,-62.999,-63.053,-63.087,-63.097,-63.087,-63.055,-62.93,-62.718,-62.427,-62.042,-61.571,-60.996,-60.316,-59.374,-58.36,-57.425,-56.655,-56.096,-55.619,-55.185,-54.693,-53.698,-52.024,-44.364,-40.328,-32.185,-27.242,-18.254,2.2075,5.7612,6.4062,6.6933,6.1237,4.471,-5.8409,-12.463,-40.437,-46.631,-48.931,-51.061,-53.943,-56.466,-57.529,-58.546,-59.449,-60.24,-60.925,-61.505,-61.987,-62.389,-62.693,-62.913,-62.991,-63.044,-63.075,-63.086,-63.076,-63.045,-62.921,-62.711,-62.412,-62.026,-61.555,-60.979,-60.286,-59.343,-58.328,-57.406,-56.634,-56.091,-55.613,-55.176,-54.676,-53.646,-51.93,-44.236,-40.706,-32.119,-27.132,-18.052,2.3684,5.8258,6.4378,6.6848,6.0794,4.4032,-5.9085,-12.52,-40.477,-46.653,-48.947,-51.071,-53.947,-56.466,-57.528,-58.544,-59.445,-60.235,-60.919,-61.499,-61.98,-62.381,-62.684,-62.903,-62.981,-63.034,-63.065,-63.076,-63.066,-63.034,-62.91,-62.699,-62.408,-62.023,-61.553,-60.978,-60.298,-59.356,-58.356,-57.422,-56.652,-56.092,-55.616,-55.182,-54.69,-53.695,-52.021,-44.361,-40.325,-32.182,-27.24,-18.254,2.1962,5.7506,6.3966,6.6854,6.1185,4.4689,-5.8346,-12.454,-40.408,-46.603,-48.905,-51.036,-53.919,-56.443,-57.507,-58.524,-59.427,-60.219,-60.903,-61.484,-61.966,-62.368,-62.672,-62.892,-62.97,-63.023,-63.054,-63.065,-63.027,-62.905,-62.703,-62.415,-62.043,-61.576,-61.016,-60.351,-59.426,-58.431,-57.487,-56.709,-56.141,-55.655,-55.203,-54.735,-53.839,-52.296,-44.005,-40.56,-31.996,-26.926,-18.873,2.6561,5.508,6.6824,6.2376,4.6717,-6.0326,-12.623,-40.548,-46.692,-48.974,-51.088,-53.954,-56.466,-57.525,-58.538,-59.437,-60.225,-60.907,-61.485,-61.965,-62.365,-62.667,-62.885,-62.962,-63.015,-63.045,-63.055,-63.015,-62.893,-62.683,-62.393,-62.019,-61.55,-60.988,-60.322,-59.396,-58.4,-57.469,-56.689,-56.117,-55.651,-55.197,-54.724,-53.809,-52.241,-43.928,-40.511,-32.339,-27.504,-18.751,2.7488,5.5526,6.2848,6.6799,6.2116,4.6303,-5.6519,-12.656,-40.568,-46.701,-48.979,-51.091,-53.954,-56.463,-57.521,-58.533,-59.431,-60.219,-60.9,-61.478,-61.957,-62.356,-62.658,-62.875,-62.952,-63.005,-63.035,-63.046,-63.035,-63.003,-62.878,-62.666,-62.366,-61.979,-61.507,-60.931,-60.237,-59.293,-58.291,-57.367,-56.609,-56.042,-55.576,-55.164,-54.658,-53.883,-51.852,-44.136,-40.642,-32.064,-27.045,-19.085,2.4708,5.4078,6.67,6.2715,5.1074,-11.453,-40.463,-46.627,-48.918,-51.04,-53.915,-56.432,-57.493,-58.508,-59.409,-60.199,-60.882,-61.461,-61.942,-62.343,-62.646,-62.864,-62.942,-62.995,-63.025,-63.036,-62.996,-62.874,-62.665,-62.375,-62.001,-61.532,-60.97,-60.305,-59.379,-58.382,-57.465,-56.686,-56.114,-55.647,-55.193,-54.72,-53.802,-52.228,-43.912,-40.5,-32.329,-27.491,-18.73,2.7555,5.5512,6.2803,6.6723,6.2021,4.6207,-5.6542,-12.654,-40.548,-46.68,-48.958,-51.07,-53.934,-56.444,-57.502,-58.514,-59.412,-60.2,-60.881,-61.459,-61.938,-62.337,-62.639,-62.857,-62.934,-62.986,-63.017,-63.027,-62.986,-62.863,-62.66,-62.371,-61.998,-61.541,-60.98,-60.316,-59.391,-58.396,-57.466,-56.686,-56.115,-55.649,-55.197,-54.729,-53.832,-52.288,-43.998,-40.554,-31.99,-26.921,-18.871,2.6373,5.489,6.6669,6.2262,4.6658,-6.0224,-12.607,-40.497,-46.642,-48.926,-51.043,-53.912,-56.425,-57.485,-58.498,-59.398,-60.186,-60.868,-61.447,-61.927,-62.326,-62.629,-62.847,-62.924,-62.977,-63.007,-63.018,-62.977,-62.855,-62.645,-62.355,-61.971,-61.501,-60.938,-60.259,-59.331,-58.332,-57.413,-56.644,-56.085,-55.61,-55.177,-54.689,-53.71,-52.057,-43.684,-40.354,-32.206,-27.287,-18.355,2.0819,5.6852,6.3503,6.6643,6.1232,4.4948,-5.7832,-12.4,-40.304,-46.509,-48.818,-50.956,-53.846,-56.375,-57.441,-58.46,-59.364,-60.157,-60.842,-61.424,-61.907,-62.31,-62.615,-62.834,-62.913,-62.966,-62.998,-63.009,-62.97,-62.848,-62.639,-62.35,-61.967,-61.498,-60.935,-60.257,-59.329,-58.331,-57.412,-56.643,-56.084,-55.609,-55.176,-54.69,-53.714,-52.066,-43.697,-40.362,-32.213,-27.299,-18.38,2.0563,5.6716,6.3412,6.6609,6.1255,4.5017,-5.7721,-12.389,-40.285,-46.493,-48.804,-50.942,-53.834,-56.364,-57.43,-58.449,-59.354,-60.147,-60.833,-61.415,-61.898,-62.301,-62.606,-62.826,-62.904,-62.957,-62.989,-63.0,-62.99,-62.959,-62.835,-62.624,-62.326,-61.94,-61.468,-60.892,-60.199,-59.268,-58.266,-57.357,-56.599,-56.033,-55.567,-55.153,-54.641,-53.848,-51.781,-44.049,-40.585,-32.017,-26.969,-18.961,2.5491,5.437,6.654,6.2352,5.0613,-11.474,-40.436,-46.59,-48.879,-51.001,-53.874,-56.391,-57.452,-58.467,-59.367,-60.156,-60.839,-61.418,-61.899,-62.299,-62.602,-62.82,-62.897,-62.95,-62.981,-62.991,-62.951,-62.829,-62.625,-62.345,-61.973,-61.517,-60.958,-60.295,-59.384,-58.39,-57.46,-56.681,-56.111,-55.646,-55.194,-54.729,-53.842,-51.77,-44.035,-40.576,-32.009,-26.957,-18.942,2.56,5.4405,6.6508,6.2291,5.054,-11.477,-40.43,-46.583,-48.871,-50.993,-53.866,-56.383,-57.444,-58.458,-59.359,-60.148,-60.831,-61.41,-61.891,-62.291,-62.594,-62.812,-62.889,-62.942,-62.973,-62.983,-62.943,-62.82,-62.611,-62.321,-61.937,-61.467,-60.904,-60.225,-59.297,-58.311,-57.406,-56.638,-56.08,-55.604,-55.171,-54.683,-53.7,-52.043,-44.399,-40.343,-32.196,-27.274,-18.34,2.0766,5.6728,6.3366,6.65,6.1101,4.4849,-5.7794,-12.391,-40.262,-46.467,-48.778,-50.917,-53.809,-56.339,-57.405,-58.425,-59.329,-60.122,-60.808,-61.39,-61.873,-62.276,-62.581,-62.801,-62.879,-62.933,-62.964,-62.975,-62.936,-62.814,-62.606,-62.316,-61.942,-61.474,-60.913,-60.235,-59.308,-58.324,-57.405,-56.637,-56.079,-55.603,-55.17,-54.682,-53.701,-52.045,-44.402,-40.344,-32.198,-27.278,-18.348,2.0654,5.6656,6.331,6.6467,6.1093,4.4864,-5.7744,-12.385,-40.249,-46.455,-48.766,-50.906,-53.799,-56.329,-57.396,-58.416,-59.32,-60.114,-60.8,-61.382,-61.865,-62.268,-62.573,-62.793,-62.871,-62.925,-62.956,-62.967,-62.957,-62.926,-62.802,-62.591,-62.293,-61.906,-61.435,-60.859,-60.165,-59.234,-58.232,-57.322,-56.578,-56.028,-55.562,-55.149,-54.638,-53.847,-51.785,-44.055,-40.588,-32.019,-26.977,-18.982,2.5137,5.4103,6.6394,6.2289,5.0616,-11.455,-40.387,-46.543,-48.835,-50.959,-53.835,-56.354,-57.416,-58.431,-59.332,-60.122,-60.805,-61.385,-61.866,-62.266,-62.569,-62.788,-62.865,-62.918,-62.949,-62.959,-62.949,-62.917,-62.792,-62.581,-62.289,-61.904,-61.433,-60.857,-60.164,-59.234,-58.246,-57.352,-56.595,-56.029,-55.564,-55.152,-54.645,-53.868,-51.833,-44.117,-40.627,-32.052,-27.033,-19.082,2.4262,5.3629,6.6333,6.5604,6.2447,5.0908,-11.42,-40.348,-46.514,-48.811,-50.938,-53.818,-56.339,-57.402,-58.419,-59.32,-60.111,-60.795,-61.375,-61.856,-62.257,-62.561,-62.78,-62.857,-62.91,-62.941,-62.952,-62.912,-62.789,-62.586,-62.298,-61.925,-61.458,-60.897,-60.231,-59.319,-58.337,-57.42,-56.654,-56.1,-55.634,-55.179,-54.703,-53.773,-52.184,-43.858,-40.463,-32.298,-27.448,-18.671,2.7563,5.5299,6.2517,6.6374,6.1655,4.5887,-6.0734,-12.638,-40.452,-46.58,-48.861,-50.977,-53.844,-56.357,-57.416,-58.429,-59.328,-60.116,-60.797,-61.376,-61.855,-62.255,-62.557,-62.774,-62.847,-62.901,-62.933,-62.944,-62.906,-62.785,-62.583,-62.304,-61.933,-61.478,-60.92,-60.269,-59.359,-58.366,-57.452,-56.674,-56.104,-55.638,-55.187,-54.721,-53.831,-51.752,-44.016,-40.562,-31.998,-26.944,-18.928,2.5453,5.4206,6.6305,6.2116,5.0405,-11.463,-40.371,-46.523,-48.815,-50.939,-53.814,-56.333,-57.395,-58.41,-59.311,-60.101,-60.784,-61.363,-61.844,-62.245,-62.548,-62.766,-62.843,-62.896,-62.927,-62.937,-62.897,-62.774,-62.571,-62.283,-61.909,-61.452,-60.892,-60.228,-59.316,-58.334,-57.418,-56.653,-56.099,-55.632,-55.178,-54.703,-53.778,-52.195,-43.874,-40.472,-32.306,-27.463,-18.702,2.7233,5.5093,6.2371,6.6306,6.1668,4.5966,-6.0583,-12.622,-40.423,-46.555,-48.839,-50.956,-53.825,-56.339,-57.399,-58.412,-59.312,-60.1,-60.782,-61.361,-61.84,-62.24,-62.542,-62.76,-62.833,-62.887,-62.919,-62.93,-62.921,-62.89,-62.766,-62.556,-62.266,-61.882,-61.412,-60.848,-60.169,-59.241,-58.255,-57.348,-56.591,-56.046,-55.589,-55.151,-54.648,-53.882,-51.87,-44.168,-40.657,-32.078,-27.081,-19.171,2.3334,5.7652,6.3736,6.6211,6.0238,4.3634,-5.8868,-12.473,-40.284,-46.459,-48.761,-50.893,-53.778,-56.302,-57.367,-58.384,-59.287,-60.078,-60.763,-61.344,-61.826,-62.228,-62.532,-62.751,-62.828,-62.882,-62.913,-62.923,-62.913,-62.881,-62.757,-62.546,-62.254,-61.869,-61.399,-60.823,-60.143,-59.226,-58.24,-57.347,-56.59,-56.045,-55.588,-55.151,-54.649,-53.884,-51.877,-44.178,-40.663,-32.083,-27.09,-19.19,2.314,5.7549,6.3667,6.6186,6.0256,4.3686,-5.8784,-12.465,-40.27,-46.447,-48.749,-50.883,-53.768,-56.294,-57.358,-58.376,-59.279,-60.071,-60.756,-61.337,-61.819,-62.221,-62.525,-62.744,-62.822,-62.875,-62.906,-62.917,-62.877,-62.755,-62.552,-62.272,-61.9,-61.445,-60.886,-60.222,-59.311,-58.33,-57.415,-56.65,-56.097,-55.631,-55.177,-54.705,-53.79,-52.22,-43.911,-40.495,-32.326,-27.498,-18.772,2.6559,5.4696,6.6205,6.1732,4.6157,-6.028,-12.592,-40.377,-46.515,-48.803,-50.924,-53.796,-56.312,-57.373,-58.388,-59.288,-60.077,-60.759,-61.339,-61.819,-62.219,-62.522,-62.74,-62.817,-62.869,-62.9,-62.91,-62.9,-62.867,-62.742,-62.53,-62.239,-61.853,-61.382,-60.806,-60.125,-59.209,-58.222,-57.313,-56.57,-56.021,-55.557,-55.145,-54.638,-53.86,-51.823,-44.108,-40.619,-32.047,-27.031,-19.088,2.3927,5.3321,6.6105,6.5413,6.2293,5.0824,-11.399,-40.281,-46.448,-48.748,-50.879,-53.762,-56.286,-57.35,-58.367,-59.269,-60.061,-60.745,-61.326,-61.807,-62.209,-62.513,-62.732,-62.809,-62.862,-62.893,-62.904,-62.894,-62.862,-62.737,-62.526,-62.234,-61.849,-61.378,-60.803,-60.11,-59.193,-58.205,-57.311,-56.567,-56.019,-55.553,-55.14,-54.629,-53.837,-51.774,-44.046,-40.58,-32.014,-26.976,-18.993,2.4679,5.3695,6.6102,6.2099,5.052,-11.427,-40.298,-46.457,-48.754,-50.882,-53.763,-56.285,-57.348,-58.364,-59.266,-60.057,-60.741,-61.321,-61.802,-62.204,-62.507,-62.726,-62.803,-62.856,-62.887,-62.898,-62.858,-62.735,-62.532,-62.244,-61.87,-61.403,-60.842,-60.177,-59.264,-58.295,-57.393,-56.626,-56.069,-55.595,-55.165,-54.682,-53.721,-52.092,-43.738,-40.384,-32.234,-27.347,-18.495,1.8958,5.5674,6.2608,6.6133,6.1137,4.5218,-5.7022,-12.669,-40.426,-46.54,-48.818,-50.932,-53.798,-56.308,-57.367,-58.38,-59.278,-60.066,-60.747,-61.325,-61.804,-62.203,-62.505,-62.722,-62.795,-62.849,-62.88,-62.892,-62.853,-62.732,-62.53,-62.25,-61.879,-61.424,-60.865,-60.202,-59.305,-58.325,-57.41,-56.646,-56.093,-55.627,-55.174,-54.702,-53.786,-52.216,-43.907,-40.492,-32.324,-27.498,-18.778,2.6356,5.4521,6.6086,6.1658,4.6133,-6.019,-12.58,-40.341,-46.481,-48.77,-50.892,-53.767,-56.285,-57.346,-58.361,-59.261,-60.051,-60.734,-61.313,-61.794,-62.194,-62.497,-62.715,-62.792,-62.845,-62.875,-62.886,-62.845,-62.722,-62.519,-62.23,-61.857,-61.4,-60.839,-60.175,-59.263,-58.295,-57.393,-56.627,-56.071,-55.598,-55.17,-54.694,-53.763,-52.172,-43.847,-40.454,-32.292,-27.446,-18.683,2.7081,5.4872,6.2135,6.6069,6.1457,4.5809,-6.0517,-12.607,-40.359,-46.49,-48.776,-50.896,-53.768,-56.284,-57.345,-58.359,-59.259,-60.048,-60.73,-61.309,-61.789,-62.189,-62.492,-62.71,-62.787,-62.839,-62.87,-62.88,-62.839,-62.716,-62.506,-62.216,-61.831,-61.362,-60.798,-60.119,-59.204,-58.233,-57.341,-56.586,-56.042,-55.587,-55.152,-54.658,-53.649,-51.959,-44.29,-40.732,-32.141,-27.194,-18.216,2.1225,5.6598,6.3067,6.6028,6.0524,4.4272,-5.7966,-12.387,-40.477,-46.566,-48.836,-50.943,-53.8,-56.306,-57.363,-58.373,-59.27,-60.056,-60.736,-61.312,-61.791,-62.189,-62.49,-62.706,-62.778,-62.832,-62.863,-62.874,-62.835,-62.713,-62.511,-62.223,-61.85,-61.394,-60.834,-60.17,-59.259,-58.291,-57.39,-56.624,-56.067,-55.594,-55.164,-54.684,-53.735,-52.12,-43.778,-40.409,-32.256,-27.387,-18.575,2.7857,5.5228,6.2309,6.6021,6.121,4.5434,-6.087,-12.635,-40.373,-46.494,-48.777,-50.895,-53.764,-56.278,-57.338,-58.352,-59.251,-60.039,-60.721,-61.3,-61.779,-62.179,-62.481,-62.699,-62.771,-62.826,-62.857,-62.869,-62.831,-62.709,-62.507,-62.22,-61.848,-61.392,-60.832,-60.169,-59.258,-58.29,-57.389,-56.623,-56.067,-55.593,-55.164,-54.684,-53.736,-52.124,-43.783,-40.412,-32.259,-27.392,-18.586,2.7738,5.5152,6.2254,6.5994,6.1212,4.5459,-6.0817,-12.63,-40.363,-46.485,-48.769,-50.887,-53.757,-56.271,-57.332,-58.345,-59.245,-60.033,-60.715,-61.294,-61.774,-62.173,-62.476,-62.693,-62.766,-62.82,-62.852,-62.863,-62.825,-62.704,-62.496,-62.207,-61.833,-61.366,-60.804,-60.127,-59.214,-58.23,-57.339,-56.584,-56.04,-55.585,-55.151,-54.658,-53.656,-51.974,-44.312,-40.288,-32.153,-27.216,-18.26,2.0753,5.634,6.289,6.5956,6.0556,4.4386,-5.7769,-12.726,-40.443,-46.536,-48.808,-50.918,-53.778,-56.285,-57.343,-58.354,-59.251,-60.038,-60.718,-61.295,-61.773,-62.172,-62.473,-62.69,-62.762,-62.816,-62.847,-62.858,-62.819,-62.698,-62.495,-62.216,-61.844,-61.389,-60.831,-60.18,-59.27,-58.29,-57.389,-56.624,-56.069,-55.597,-55.17,-54.698,-53.782,-52.212,-43.904,-40.489,-32.323,-27.501,-18.792,2.6045,5.4265,6.5921,6.1563,4.6108,-6.0058,-12.921,-40.292,-46.434,-48.725,-50.85,-53.728,-56.247,-57.309,-58.325,-59.226,-60.016,-60.699,-61.279,-61.76,-62.161,-62.464,-62.682,-62.759,-62.812,-62.843,-62.853,-62.843,-62.811,-62.685,-62.474,-62.182,-61.797,-61.326,-60.751,-60.07,-59.154,-58.181,-57.286,-56.542,-56.011,-55.546,-55.133,-54.622,-53.829,-51.763,-44.036,-40.572,-32.01,-26.976,-19.005,2.427,5.3336,6.5849,6.1936,5.0437,-11.404,-40.226,-46.387,-48.687,-50.819,-53.704,-56.228,-57.292,-58.31,-59.213,-60.004,-60.689,-61.269,-61.751,-62.153,-62.457,-62.676,-62.754,-62.807,-62.838,-62.848,-62.809,-62.686,-62.483,-62.203,-61.831,-61.375,-60.817,-60.166,-59.269,-58.303,-57.404,-56.641,-56.089,-55.624,-55.173,-54.706,-53.809,-52.265,-43.98,-40.537,-31.981,-26.927,-18.92,2.4942,5.3669,6.5845,6.1762,5.0164,-11.429,-40.243,-46.396,-48.694,-50.823,-53.705,-56.228,-57.292,-58.308,-59.211,-60.002,-60.686,-61.266,-61.748,-62.149,-62.453,-62.671,-62.749,-62.802,-62.833,-62.843,-62.804,-62.681,-62.478,-62.189,-61.816,-61.359,-60.8,-60.136,-59.224,-58.256,-57.353,-56.602,-56.062,-55.589,-55.159,-54.677,-53.72,-52.095,-43.747,-40.389,-32.24,-27.365,-18.542,1.8223,5.5165,6.2201,6.5869,6.1034,4.5264,-6.0908,-12.633,-40.34,-46.459,-48.742,-50.861,-53.732,-56.246,-57.306,-58.32,-59.219,-60.008,-60.69,-61.269,-61.749,-62.149,-62.451,-62.669,-62.741,-62.795,-62.827,-62.839,-62.829,-62.798,-62.675,-62.465,-62.174,-61.79,-61.32,-60.746,-60.066,-59.15,-58.178,-57.284,-56.541,-56.01,-55.546,-55.133,-54.624,-53.836,-51.781,-44.058,-40.586,-32.023,-27.0,-19.05,2.3803,5.3048,6.5761,6.5069,6.1961,5.0537,-11.384,-40.512,-46.572,-48.832,-50.931,-53.781,-56.281,-57.336,-58.344,-59.239,-60.023,-60.702,-61.277,-61.754,-62.152,-62.452,-62.667,-62.739,-62.792,-62.823,-62.834,-62.795,-62.672,-62.463,-62.173,-61.789,-61.32,-60.758,-60.079,-59.165,-58.194,-57.301,-56.56,-56.013,-55.55,-55.141,-54.642,-53.611,-51.894,-44.207,-40.679,-32.1,-27.131,-18.112,2.1803,5.6684,6.2999,6.5788,6.0151,4.3842,-5.8218,-12.4,-40.123,-46.309,-48.792,-50.898,-53.756,-56.262,-57.318,-58.329,-59.225,-60.011,-60.691,-61.268,-61.746,-62.144,-62.445,-62.662,-62.734,-62.787,-62.819,-62.83,-62.791,-62.669,-62.46,-62.17,-61.787,-61.318,-60.756,-60.077,-59.163,-58.192,-57.3,-56.559,-56.012,-55.549,-55.14,-54.639,-53.603,-51.879,-44.187,-40.667,-32.091,-27.116,-18.084,2.2003,5.6753,6.3023,6.576,6.0077,4.3741,-5.8305,-12.407,-40.124,-46.308,-48.79,-50.896,-53.753,-56.258,-57.315,-58.325,-59.221,-60.008,-60.687,-61.264,-61.742,-62.14,-62.441,-62.657,-62.729,-62.783,-62.814,-62.825,-62.815,-62.784,-62.66,-62.449,-62.158,-61.773,-61.303,-60.728,-60.049,-59.133,-58.16,-57.281,-56.538,-56.007,-55.542,-55.128,-54.616,-53.817,-51.739,-44.007,-40.554,-31.996,-26.957,-18.978,2.4314,5.3273,6.571,6.1777,5.0282,-11.402,-40.514,-46.567,-48.825,-50.923,-53.772,-56.271,-57.325,-58.333,-59.227,-60.012,-60.69,-61.265,-61.742,-62.139,-62.439,-62.654,-62.726,-62.779,-62.81,-62.821,-62.781,-62.659,-62.456,-62.168,-61.795,-61.328,-60.767,-60.103,-59.191,-58.222,-57.333,-56.58,-56.037,-55.584,-55.152,-54.666,-53.692,-52.045,-43.682,-40.347,-32.207,-27.311,-18.449,1.8887,5.5378,6.2263,6.5754,6.0768,4.4911,-5.7,-12.652,-40.334,-46.445,-48.727,-50.844,-53.713,-56.227,-57.287,-58.3,-59.199,-59.988,-60.669,-61.248,-61.728,-62.127,-62.429,-62.647,-62.72,-62.774,-62.805,-62.817,-62.778,-62.657,-62.455,-62.176,-61.814,-61.361,-60.804,-60.155,-59.247,-58.281,-57.382,-56.618,-56.063,-55.592,-55.166,-54.696,-53.786,-52.224,-43.924,-40.501,-31.953,-26.884,-18.852,2.529,5.375,6.5695,6.1513,4.9876,-11.439,-40.219,-46.366,-48.663,-50.793,-53.675,-56.197,-57.261,-58.278,-59.18,-59.971,-60.655,-61.235,-61.717,-62.118,-62.422,-62.641,-62.718,-62.771,-62.802,-62.813,-62.802,-62.77,-62.646,-62.434,-62.143,-61.758,-61.287,-60.712,-60.033,-59.117,-58.158,-57.279,-56.536,-56.006,-55.541,-55.128,-54.617,-53.823,-51.756,-44.029,-40.567,-32.009,-26.98,-19.022,2.3867,5.3001,6.563,6.4922,6.1806,5.0382,-11.383,-40.484,-46.542,-48.802,-50.903,-53.754,-56.254,-57.309,-58.317,-59.212,-59.997,-60.676,-61.251,-61.729,-62.126,-62.426,-62.642,-62.714,-62.767,-62.798,-62.809,-62.799,-62.767,-62.642,-62.431,-62.14,-61.755,-61.285,-60.71,-60.031,-59.115,-58.156,-57.278,-56.535,-56.004,-55.54,-55.126,-54.612,-53.811,-51.729,-43.995,-40.546,-31.992,-26.951,-18.971,2.4257,5.3191,6.5623,6.1699,5.0218,-11.398,-40.493,-46.546,-48.804,-50.904,-53.753,-56.253,-57.307,-58.315,-59.21,-59.995,-60.673,-61.248,-61.725,-62.123,-62.423,-62.638,-62.71,-62.763,-62.794,-62.805,-62.765,-62.643,-62.44,-62.16,-61.789,-61.333,-60.775,-60.112,-59.216,-58.249,-57.348,-56.598,-56.059,-55.587,-55.159,-54.683,-53.749,-52.155,-43.83,-40.441,-32.287,-27.448,-18.708,2.6371,5.4264,6.5654,6.1196,4.5714,-6.0227,-12.925,-40.242,-46.377,-48.669,-50.795,-53.673,-56.193,-57.255,-58.271,-59.173,-59.963,-60.646,-61.226,-61.707,-62.108,-62.411,-62.63,-62.707,-62.76,-62.791,-62.801,-62.761,-62.638,-62.429,-62.139,-61.764,-61.296,-60.735,-60.057,-59.157,-58.187,-57.297,-56.557,-56.011,-55.549,-55.141,-54.646,-53.632,-51.935,-44.264,-40.715,-32.133,-27.19,-18.23,2.0619,5.6058,6.258,6.5634,6.0258,4.415,-5.773,-12.711,-40.366,-46.458,-48.732,-50.845,-53.708,-56.218,-57.276,-58.288,-59.186,-59.973,-60.654,-61.232,-61.711,-62.11,-62.412,-62.629,-62.701,-62.755,-62.786,-62.798,-62.759,-62.637,-62.435,-62.156,-61.785,-61.33,-60.772,-60.122,-59.227,-58.262,-57.362,-56.613,-56.058,-55.587,-55.159,-54.684,-53.752,-52.162,-43.84,-40.447,-32.293,-27.459,-18.73,2.6143,5.4124,6.561,6.1207,4.5768,-6.0129,-12.915,-40.226,-46.362,-48.656,-50.783,-53.663,-56.183,-57.246,-58.262,-59.164,-59.954,-60.638,-61.218,-61.699,-62.1,-62.404,-62.622,-62.7,-62.753,-62.784,-62.794,-62.784,-62.752,-62.627,-62.415,-62.124,-61.739,-61.268,-60.694,-60.014,-59.098,-58.14,-57.26,-56.533,-56.003,-55.539,-55.126,-54.615,-53.82,-51.751,-44.025,-40.564,-32.009,-26.982,-19.029,2.3676,5.284,6.5523,6.4836,6.174,5.0352,-11.374,-40.456,-46.515,-48.777,-50.878,-53.731,-56.232,-57.288,-58.297,-59.192,-59.977,-60.656,-61.232,-61.709,-62.107,-62.407,-62.623,-62.695,-62.749,-62.78,-62.791,-62.751,-62.629,-62.42,-62.131,-61.747,-61.278,-60.705,-60.026,-59.125,-58.154,-57.276,-56.534,-56.005,-55.541,-55.13,-54.624,-53.845,-51.807,-44.095,-40.609,-32.046,-27.047,-19.143,2.2697,5.6896,6.2992,6.5529,5.9686,4.3272,-5.8621,-12.426,-40.102,-46.276,-48.755,-50.861,-53.717,-56.221,-57.278,-58.288,-59.184,-59.97,-60.649,-61.226,-61.704,-62.102,-62.403,-62.619,-62.691,-62.745,-62.776,-62.787,-62.748,-62.626,-62.417,-62.128,-61.745,-61.276,-60.703,-60.024,-59.123,-58.152,-57.275,-56.533,-56.003,-55.539,-55.127,-54.618,-53.83,-51.774,-44.053,-40.582,-32.025,-27.01,-19.08,2.3206,5.7094,6.3084,6.5494,5.9537,4.3048,-5.8843,-12.445,-40.115,-46.283,-48.76,-50.864,-53.719,-56.222,-57.277,-58.287,-59.183,-59.968,-60.647,-61.224,-61.702,-62.099,-62.4,-62.616,-62.688,-62.742,-62.773,-62.784,-62.745,-62.623,-62.42,-62.14,-61.778,-61.325,-60.768,-60.119,-59.224,-58.26,-57.361,-56.613,-56.058,-55.588,-55.162,-54.69,-53.775,-52.207,-43.903,-40.488,-31.945,-26.875,-18.845,2.5122,5.3556,6.5512,6.1361,4.9761,-11.429,-40.492,-46.535,-48.79,-50.887,-53.735,-56.232,-57.286,-58.294,-59.188,-59.972,-60.65,-61.225,-61.702,-62.099,-62.399,-62.614,-62.686,-62.739,-62.77,-62.781,-62.741,-62.619,-62.416,-62.128,-61.755,-61.288,-60.728,-60.064,-59.166,-58.199,-57.31,-56.573,-56.031,-55.578,-55.146,-54.659,-53.678,-52.022,-44.387,-40.33,-32.196,-27.3,-18.439,1.8706,5.5146,6.2029,6.5533,6.0582,4.478,-6.1119,-12.639,-40.281,-46.392,-48.675,-50.795,-53.667,-56.182,-57.243,-58.257,-59.156,-59.945,-60.627,-61.207,-61.687,-62.087,-62.389,-62.607,-62.684,-62.737,-62.767,-62.778,-62.767,-62.735,-62.609,-62.398,-62.106,-61.721,-61.25,-60.676,-59.996,-59.081,-58.122,-57.242,-56.514,-55.981,-55.537,-55.124,-54.613,-53.818,-51.749,-44.022,-40.563,-32.01,-26.986,-19.04,2.3469,5.2677,6.5423,6.476,6.1686,5.0335,-11.364,-40.43,-46.49,-48.753,-50.857,-53.711,-56.213,-57.269,-58.278,-59.174,-59.959,-60.638,-61.215,-61.692,-62.09,-62.391,-62.607,-62.679,-62.732,-62.764,-62.774,-62.735,-62.613,-62.411,-62.123,-61.751,-61.284,-60.725,-60.049,-59.15,-58.182,-57.292,-56.554,-56.008,-55.547,-55.141,-54.649,-53.646,-51.964,-44.305,-40.282,-32.156,-27.234,-18.319,1.9689,5.5551,6.2233,6.5493,6.032,4.4372,-5.7356,-12.673,-40.305,-46.405,-48.685,-50.801,-53.67,-56.182,-57.242,-58.255,-59.154,-59.942,-60.624,-61.203,-61.682,-62.082,-62.384,-62.602,-62.674,-62.728,-62.76,-62.771,-62.733,-62.612,-62.41,-62.131,-61.761,-61.306,-60.749,-60.087,-59.192,-58.226,-57.34,-56.591,-56.053,-55.581,-55.152,-54.671,-53.718,-52.1,-43.758,-40.395,-32.253,-27.396,-18.619,2.6834,5.4385,6.158,6.5472,6.0885,4.534,-6.0461,-12.581,-40.219,-46.346,-48.637,-50.763,-53.641,-56.161,-57.223,-58.239,-59.14,-59.93,-60.613,-61.193,-61.675,-62.075,-62.379,-62.597,-62.674,-62.727,-62.758,-62.769,-62.729,-62.606,-62.403,-62.123,-61.751,-61.296,-60.738,-60.088,-59.192,-58.227,-57.342,-56.592,-56.055,-55.584,-55.157,-54.682,-53.754,-52.167,-43.85,-40.454,-32.302,-27.478,-18.773,2.5594,5.3745,6.5435,6.116,4.9494,-11.446,-40.173,-46.314,-48.78,-50.876,-53.722,-56.219,-57.273,-58.28,-59.174,-59.958,-60.636,-61.211,-61.688,-62.084,-62.384,-62.599,-62.671,-62.724,-62.755,-62.766,-62.726,-62.604,-62.401,-62.121,-61.75,-61.295,-60.737,-60.087,-59.192,-58.227,-57.341,-56.592,-56.055,-55.584,-55.157,-54.683,-53.757,-52.173,-43.857,-40.458,-32.306,-27.486,-18.788,2.5452,5.3663,6.5416,6.1174,4.9531,-11.44,-40.165,-46.308,-48.774,-50.871,-53.718,-56.215,-57.269,-58.277,-59.171,-59.955,-60.632,-61.208,-61.684,-62.081,-62.381,-62.597,-62.668,-62.721,-62.752,-62.763,-62.723,-62.601,-62.398,-62.118,-61.747,-61.292,-60.734,-60.073,-59.177,-58.225,-57.339,-56.59,-56.052,-55.581,-55.152,-54.674,-53.728,-52.118,-43.784,-40.411,-32.268,-27.422,-18.67,2.6373,5.4122,6.5417,6.0942,4.5481,-6.0261,-12.919,-40.194,-46.325,-48.619,-50.746,-53.627,-56.148,-57.211,-58.227,-59.129,-59.92,-60.603,-61.184,-61.665,-62.066,-62.37,-62.588,-62.666,-62.719,-62.75,-62.76,-62.721,-62.598,-62.395,-62.107,-61.734,-61.268,-60.708,-60.045,-59.147,-58.193,-57.306,-56.569,-56.028,-55.575,-55.143,-54.654,-53.667,-52.004,-44.362,-40.316,-32.187,-27.288,-18.422,1.871,5.5066,6.1928,6.5413,6.0458,4.4669,-6.1132,-12.637,-40.257,-46.367,-48.651,-50.771,-53.644,-56.16,-57.221,-58.235,-59.135,-59.924,-60.607,-61.186,-61.666,-62.066,-62.369,-62.587,-62.664,-62.717,-62.747,-62.758,-62.717,-62.594,-62.385,-62.095,-61.711,-61.242,-60.68,-60.003,-59.09,-58.133,-57.256,-56.53,-56.001,-55.539,-55.129,-54.624,-53.851,-51.826,-44.123,-40.626,-32.065,-27.083,-18.045,2.1841,5.6404,6.2639,6.5359,5.9702,4.3438,-5.8279,-12.391,-40.035,-46.216,-48.701,-50.811,-53.672,-56.18,-57.237,-58.249,-59.146,-59.933,-60.613,-61.191,-61.669,-62.068,-62.37,-62.586,-62.659,-62.712,-62.744,-62.755,-62.717,-62.595,-62.393,-62.114,-61.743,-61.289,-60.732,-60.082,-59.188,-58.224,-57.338,-56.59,-56.052,-55.581,-55.154,-54.677,-53.74,-52.143,-43.817,-40.433,-32.287,-27.455,-18.734,2.5807,5.3806,6.536,6.1025,4.5666,-6.0016,-12.897,-40.165,-46.303,-48.768,-50.864,-53.71,-56.206,-57.26,-58.267,-59.161,-59.945,-60.623,-61.198,-61.674,-62.071,-62.371,-62.586,-62.658,-62.711,-62.742,-62.753,-62.713,-62.591,-62.382,-62.092,-61.718,-61.251,-60.69,-60.014,-59.115,-58.147,-57.271,-56.53,-56.002,-55.54,-55.131,-54.63,-53.866,-51.861,-44.169,-40.655,-32.09,-27.126,-18.125,2.1148,5.6089,6.2458,6.5342,5.9839,4.3684,-5.7989,-12.723,-40.325,-46.409,-48.683,-50.795,-53.659,-56.169,-57.227,-58.24,-59.138,-59.925,-60.606,-61.184,-61.663,-62.062,-62.364,-62.581,-62.653,-62.707,-62.739,-62.75,-62.712,-62.591,-62.389,-62.11,-61.739,-61.285,-60.728,-60.067,-59.172,-58.207,-57.321,-56.57,-56.03,-55.577,-55.148,-54.665,-53.704,-52.074,-43.726,-40.375,-32.239,-27.376,-18.589,2.6916,5.435,6.1501,6.5346,6.0729,4.518,-6.0521,-12.582,-40.198,-46.322,-48.613,-50.739,-53.618,-56.138,-57.201,-58.217,-59.118,-59.908,-60.592,-61.172,-61.653,-62.054,-62.358,-62.576,-62.654,-62.707,-62.738,-62.748,-62.708,-62.586,-62.383,-62.103,-61.741,-61.287,-60.73,-60.082,-59.188,-58.238,-57.354,-56.608,-56.055,-55.585,-55.16,-54.691,-53.786,-52.23,-43.94,-40.511,-31.97,-26.924,-18.94,2.4087,5.2894,6.5271,6.1365,4.9932,-11.386,-40.416,-46.467,-48.729,-50.831,-53.684,-56.185,-57.241,-58.25,-59.146,-59.931,-60.61,-61.186,-61.664,-62.061,-62.362,-62.578,-62.65,-62.704,-62.735,-62.746,-62.707,-62.585,-62.376,-62.087,-61.704,-61.236,-60.675,-59.998,-59.086,-58.13,-57.253,-56.528,-55.999,-55.537,-55.126,-54.62,-53.841,-51.804,-44.095,-40.609,-32.053,-27.065,-19.186,2.1998,5.6418,6.2609,6.5279,5.9585,4.3305,-5.8359,-12.395,-40.026,-46.205,-48.689,-50.799,-53.66,-56.167,-57.225,-58.236,-59.134,-59.921,-60.601,-61.179,-61.657,-62.056,-62.358,-62.575,-62.647,-62.701,-62.732,-62.744,-62.705,-62.584,-62.375,-62.087,-61.713,-61.247,-60.687,-60.011,-59.113,-58.159,-57.284,-56.546,-56.002,-55.54,-55.132,-54.632,-53.598,-51.878,-44.192,-40.669,-32.104,-27.151,-18.174,2.0678,5.5848,6.2301,6.5292,5.9892,4.3814,-5.7799,-12.705,-40.299,-46.387,-48.664,-50.778,-53.644,-56.155,-57.214,-58.227,-59.126,-59.914,-60.595,-61.173,-61.653,-62.052,-62.354,-62.572,-62.644,-62.698,-62.73,-62.741,-62.703,-62.582,-62.38,-62.094,-61.722,-61.257,-60.698,-60.023,-59.126,-58.159,-57.285,-56.547,-56.002,-55.541,-55.134,-54.637,-53.614,-51.907,-44.231,-40.694,-32.124,-27.185,-18.238,2.013,5.5603,6.2163,6.5285,6.0007,4.4015,-5.7571,-12.685,-40.279,-46.373,-48.652,-50.768,-53.636,-56.149,-57.209,-58.222,-59.121,-59.909,-60.591,-61.17,-61.649,-62.049,-62.351,-62.569,-62.646,-62.699,-62.729,-62.739,-62.699,-62.576,-62.366,-62.076,-61.702,-61.234,-60.674,-59.997,-59.099,-58.13,-57.254,-56.529,-56.002,-55.54,-55.132,-54.634,-53.606,-51.893,-44.212,-40.682,-32.115,-27.17,-18.211,2.0336,5.5682,6.2199,6.5269,5.9945,4.3922,-5.766,-12.692,-40.283,-46.375,-48.653,-50.768,-53.636,-56.148,-57.208,-58.221,-59.12,-59.908,-60.589,-61.168,-61.648,-62.047,-62.35,-62.567,-62.644,-62.697,-62.727,-62.737,-62.697,-62.574,-62.364,-62.074,-61.69,-61.222,-60.66,-59.983,-59.084,-58.128,-57.252,-56.528,-55.999,-55.537,-55.128,-54.625,-53.856,-51.838,-44.14,-40.637,-32.078,-27.109,-18.098,2.1256,5.6066,6.2397,6.524,5.971,4.3548,-5.8052,-12.725,-40.31,-46.392,-48.666,-50.778,-53.643,-56.153,-57.211,-58.223,-59.121,-59.909,-60.59,-61.168,-61.647,-62.046,-62.348,-62.566,-62.638,-62.692,-62.724,-62.735,-62.697,-62.576,-62.368,-62.079,-61.697,-61.229,-60.657,-59.98,-59.068,-58.112,-57.234,-56.508,-55.976,-55.533,-55.12,-54.609,-53.813,-51.742,-44.017,-40.56,-32.014,-27.001,-19.078,2.2838,5.6722,6.2732,6.5186,5.9301,4.2902,-5.8733,-12.425,-40.042,-46.21,-48.691,-50.798,-53.656,-56.162,-57.219,-58.23,-59.126,-59.913,-60.593,-61.17,-61.648,-62.047,-62.348,-62.565,-62.637,-62.691,-62.722,-62.733,-62.695,-62.573,-62.371,-62.092,-61.722,-61.268,-60.711,-60.062,-59.168,-58.219,-57.335,-56.587,-56.051,-55.58,-55.154,-54.679,-53.751,-52.164,-43.849,-40.453,-32.308,-27.493,-18.812,2.5015,5.3317,6.5204,6.1057,4.9491,-11.421,-40.429,-46.469,-48.727,-50.826,-53.676,-56.176,-57.231,-58.239,-59.134,-59.919,-60.597,-61.173,-61.65,-62.048,-62.348,-62.564,-62.636,-62.689,-62.721,-62.731,-62.692,-62.57,-62.368,-62.081,-61.709,-61.253,-60.695,-60.034,-59.138,-58.186,-57.3,-56.565,-56.025,-55.572,-55.141,-54.653,-53.667,-52.007,-44.369,-40.32,-32.196,-27.307,-18.468,1.8102,5.4671,6.1622,6.5229,6.0403,4.4728,-6.0908,-12.611,-40.203,-46.317,-48.605,-50.729,-53.605,-56.123,-57.185,-58.201,-59.101,-59.891,-60.575,-61.154,-61.635,-62.036,-62.339,-62.558,-62.635,-62.688,-62.719,-62.73,-62.69,-62.567,-62.358,-62.069,-61.685,-61.217,-60.656,-59.98,-59.081,-58.126,-57.25,-56.526,-55.998,-55.535,-55.125,-54.62,-53.842,-51.808,-44.101,-40.613,-32.06,-27.079,-18.046,2.162,5.6185,6.2434,6.5181,5.9567,4.3356,-5.8217,-12.737,-39.995,-46.176,-48.663,-50.774,-53.638,-56.147,-57.205,-58.217,-59.115,-59.902,-60.583,-61.161,-61.64,-62.039,-62.341,-62.558,-62.631,-62.685,-62.716,-62.728,-62.689,-62.568,-62.367,-62.088,-61.718,-61.264,-60.708,-60.059,-59.166,-58.216,-57.333,-56.585,-56.049,-55.578,-55.151,-54.673,-53.732,-52.129,-43.801,-40.423,-32.284,-27.454,-18.741,2.5537,5.3563,6.5179,6.0898,4.9255,-11.441,-40.124,-46.262,-48.73,-50.827,-53.676,-56.174,-57.228,-58.236,-59.131,-59.915,-60.593,-61.169,-61.646,-62.043,-62.343,-62.559,-62.631,-62.684,-62.715,-62.726,-62.687,-62.565,-62.356,-62.067,-61.694,-61.227,-60.667,-59.992,-59.094,-58.126,-57.251,-56.527,-56.0,-55.538,-55.13,-54.63,-53.595,-51.873,-44.188,-40.667,-32.106,-27.157,-18.19,2.0408,5.5652,6.2139,6.5179,5.9835,4.3811,-5.7707,-12.693,-40.27,-46.359,-48.637,-50.753,-53.621,-56.134,-57.193,-58.207,-59.106,-59.894,-60.576,-61.154,-61.634,-62.034,-62.336,-62.554,-62.631,-62.684,-62.714,-62.724,-62.684,-62.561,-62.358,-62.078,-61.707,-61.252,-60.695,-60.046,-59.152,-58.202,-57.317,-56.585,-56.049,-55.578,-55.151,-54.674,-53.734,-52.133,-43.807,-40.427,-32.288,-27.462,-18.756,2.5389,5.3473,6.5153,6.0907,4.9287,-11.435,-40.115,-46.254,-48.723,-50.821,-53.67,-56.169,-57.223,-58.232,-59.126,-59.911,-60.589,-61.165,-61.642,-62.039,-62.34,-62.555,-62.627,-62.681,-62.712,-62.723,-62.684,-62.562,-62.353,-62.064,-61.682,-61.214,-60.653,-59.977,-59.079,-58.124,-57.249,-56.525,-55.997,-55.535,-55.126,-54.621,-53.847,-51.82,-44.118,-40.623,-32.07,-27.098,-18.083,2.1261,5.6001,6.2313,6.5141,5.9605,4.3453,-5.8074,-12.724,-40.293,-46.373,-48.648,-50.761,-53.626,-56.136,-57.195,-58.208,-59.106,-59.894,-60.575,-61.153,-61.632,-62.032,-62.334,-62.551,-62.624,-62.678,-62.71,-62.721,-62.683,-62.562,-62.361,-62.074,-61.703,-61.248,-60.691,-60.03,-59.135,-58.184,-57.299,-56.565,-56.025,-55.573,-55.142,-54.657,-53.68,-52.031,-43.673,-40.341,-32.217,-27.343,-18.538,1.7413,5.4317,6.1392,6.5155,6.0481,4.4918,-6.064,-12.586,-40.17,-46.289,-48.581,-50.707,-53.586,-56.107,-57.17,-58.186,-59.087,-59.878,-60.562,-61.142,-61.624,-62.025,-62.328,-62.547,-62.625,-62.678,-62.709,-62.72,-62.68,-62.558,-62.355,-62.076,-61.714,-61.261,-60.705,-60.058,-59.165,-58.216,-57.334,-56.587,-56.051,-55.582,-55.157,-54.686,-53.774,-52.208,-43.911,-40.493,-31.962,-26.915,-18.931,2.3928,5.27,6.5079,6.1198,4.9798,-11.378,-40.377,-46.428,-48.691,-50.794,-53.649,-56.153,-57.208,-58.218,-59.114,-59.9,-60.579,-61.156,-61.634,-62.032,-62.333,-62.55,-62.622,-62.676,-62.707,-62.718,-62.679,-62.558,-62.35,-62.061,-61.688,-61.222,-60.662,-59.987,-59.09,-58.123,-57.248,-56.525,-55.997,-55.535,-55.126,-54.622,-53.849,-51.825,-44.125,-40.628,-32.076,-27.108,-18.102,2.1067,5.5895,6.2241,6.5112,5.9618,4.3498,-5.7999,-12.716,-40.281,-46.363,-48.639,-50.753,-53.619,-56.13,-57.189,-58.201,-59.1,-59.888,-60.569,-61.147,-61.627,-62.027,-62.329,-62.546,-62.623,-62.676,-62.706,-62.717,-62.676,-62.553,-62.35,-62.062,-61.69,-61.224,-60.665,-60.002,-59.106,-58.154,-57.282,-56.545,-56.002,-55.542,-55.137,-54.646,-53.645,-51.967,-44.314,-40.288,-32.173,-27.271,-18.405,1.8519,5.4785,6.1636,6.5126,6.0202,4.4473,-6.1097,-12.625,-40.199,-46.307,-48.593,-50.716,-53.592,-56.11,-57.171,-58.186,-59.087,-59.877,-60.56,-61.14,-61.621,-62.022,-62.325,-62.543,-62.621,-62.674,-62.705,-62.715,-62.675,-62.553,-62.35,-62.071,-61.7,-61.246,-60.689,-60.028,-59.134,-58.184,-57.299,-56.565,-56.026,-55.575,-55.146,-54.665,-53.707,-52.082,-43.74,-40.384,-32.255,-27.408,-18.659,2.6082,5.3787,6.5101,6.0675,4.5289,-6.0197,-12.903,-40.128,-46.259,-48.724,-50.82,-53.667,-56.164,-57.217,-58.225,-59.119,-59.903,-60.581,-61.157,-61.634,-62.031,-62.331,-62.547,-62.618,-62.672,-62.703,-62.714,-62.675,-62.553,-62.35,-62.071,-61.71,-61.257,-60.702,-60.054,-59.162,-58.214,-57.331,-56.585,-56.049,-55.58,-55.154,-54.68,-53.756,-52.176,-43.866,-40.465,-31.939,-26.878,-18.868,2.4392,5.2915,6.5052,6.1051,4.9584,-11.396,-40.385,-46.431,-48.692,-50.794,-53.647,-56.149,-57.205,-58.214,-59.11,-59.895,-60.575,-61.151,-61.629,-62.027,-62.328,-62.544,-62.616,-62.67,-62.701,-62.712,-62.703,-62.671,-62.548,-62.338,-62.048,-61.664,-61.195,-60.623,-59.946,-59.046,-58.091,-57.229,-56.503,-55.972,-55.529,-55.116,-54.601,-53.795,-51.703,-43.97,-40.531,-31.996,-26.974,-19.036,2.2995,5.6676,6.2627,6.5019,5.9092,4.2685,-5.8837,-12.429,-40.02,-46.184,-48.665,-50.773,-53.631,-56.137,-57.194,-58.205,-59.102,-59.889,-60.569,-61.146,-61.625,-62.023,-62.325,-62.542,-62.614,-62.668,-62.7,-62.711,-62.673,-62.552,-62.344,-62.056,-61.673,-61.206,-60.646,-59.971,-59.073,-58.12,-57.246,-56.522,-55.994,-55.532,-55.121,-54.612,-53.824,-51.768,-44.051,-40.582,-32.039,-27.048,-19.166,2.1888,5.6208,6.238,6.5042,5.9362,4.3123,-5.8362,-12.388,-39.982,-46.158,-48.644,-50.755,-53.619,-56.128,-57.186,-58.198,-59.096,-59.883,-60.564,-61.142,-61.621,-62.021,-62.323,-62.54,-62.612,-62.667,-62.698,-62.71,-62.672,-62.551,-62.343,-62.055,-61.683,-61.217,-60.658,-59.984,-59.087,-58.121,-57.246,-56.523,-55.996,-55.534,-55.125,-54.62,-53.844,-51.814,-44.111,-40.62,-32.071,-27.101,-18.094,2.1066,5.5853,6.2189,6.505,5.9554,4.344,-5.8013,-12.715,-40.271,-46.352,-48.628,-50.743,-53.609,-56.12,-57.179,-58.192,-59.091,-59.879,-60.56,-61.139,-61.618,-62.018,-62.32,-62.538,-62.615,-62.668,-62.698,-62.709,-62.668,-62.546,-62.336,-62.047,-61.673,-61.206,-60.647,-59.972,-59.074,-58.121,-57.247,-56.524,-55.997,-55.536,-55.127,-54.625,-53.857,-51.844,-44.15,-40.644,-32.092,-27.137,-18.159,2.0518,5.5613,6.2056,6.505,5.9676,4.3646,-5.7783,-12.696,-40.252,-46.339,-48.617,-50.733,-53.602,-56.115,-57.174,-58.188,-59.087,-59.875,-60.557,-61.136,-61.616,-62.016,-62.319,-62.537,-62.614,-62.666,-62.697,-62.707,-62.667,-62.545,-62.335,-62.046,-61.673,-61.206,-60.646,-59.971,-59.074,-58.121,-57.247,-56.524,-55.997,-55.536,-55.128,-54.627,-53.864,-51.859,-44.17,-40.656,-32.102,-27.154,-18.193,2.0233,5.5484,6.1983,6.5045,5.9734,4.3749,-5.7664,-12.685,-40.242,-46.331,-48.611,-50.728,-53.598,-56.111,-57.171,-58.185,-59.084,-59.873,-60.555,-61.134,-61.614,-62.014,-62.317,-62.535,-62.612,-62.665,-62.696,-62.706,-62.666,-62.544,-62.334,-62.045,-61.672,-61.205,-60.646,-59.971,-59.074,-58.121,-57.247,-56.524,-55.997,-55.536,-55.128,-54.627,-53.864,-51.859,-44.17,-40.657,-32.103,-27.156,-18.196,2.0195,5.5461,6.1966,6.5036,5.9733,4.3755,-5.765,-12.684,-40.239,-46.329,-48.609,-50.726,-53.596,-56.11,-57.17,-58.184,-59.083,-59.872,-60.554,-61.133,-61.613,-62.013,-62.316,-62.534,-62.611,-62.664,-62.695,-62.705,-62.665,-62.543,-62.333,-62.044,-61.671,-61.204,-60.645,-59.97,-59.073,-58.12,-57.246,-56.524,-55.997,-55.536,-55.127,-54.625,-53.858,-51.846,-44.154,-40.646,-32.095,-27.142,-18.171,2.0388,5.5538,6.2003,6.5024,5.9678,4.3671,-5.7734,-12.691,-40.244,-46.332,-48.61,-50.727,-53.596,-56.11,-57.17,-58.183,-59.082,-59.871,-60.553,-61.132,-61.612,-62.012,-62.315,-62.533,-62.61,-62.663,-62.694,-62.704,-62.664,-62.541,-62.332,-62.043,-61.66,-61.193,-60.632,-59.957,-59.059,-58.105,-57.246,-56.523,-55.996,-55.534,-55.125,-54.621,-53.847,-51.821,-44.121,-40.626,-32.078,-27.115,-18.121,2.0794,5.5706,6.2088,6.5009,5.9571,4.3503,-5.7909,-12.705,-40.255,-46.339,-48.616,-50.731,-53.599,-56.111,-57.171,-58.184,-59.083,-59.871,-60.553,-61.132,-61.612,-62.012,-62.314,-62.532,-62.609,-62.662,-62.693,-62.703,-62.663,-62.54,-62.331,-62.042,-61.659,-61.191,-60.631,-59.955,-59.058,-58.104,-57.229,-56.505,-55.974,-55.533,-55.122,-54.615,-53.831,-51.784,-44.074,-40.596,-32.054,-27.074,-18.046,2.1396,5.5956,6.2216,6.4989,5.9416,4.3257,-5.8167,-12.727,-40.274,-46.35,-48.625,-50.738,-53.604,-56.115,-57.173,-58.186,-59.084,-59.872,-60.554,-61.132,-61.612,-62.011,-62.314,-62.531,-62.608,-62.661,-62.692,-62.702,-62.662,-62.539,-62.33,-62.04,-61.658,-61.19,-60.618,-59.942,-59.043,-58.089,-57.228,-56.503,-55.972,-55.53,-55.118,-54.607,-53.81,-51.736,-44.013,-40.558,-32.022,-27.021,-19.122,2.2174,5.6277,6.238,6.4961,5.9214,4.2938,-5.8503,-12.398,-39.658,-45.712,-48.116,-50.192,-53.003,-55.524,-56.602,-57.648,-58.538,-59.379,-60.083,-60.725,-61.247,-61.701,-62.065,-62.351,-62.548,-62.616,-62.666,-62.693,-62.701,-62.687,-62.653,-62.519,-62.302,-61.999,-61.609,-61.114,-60.524,-59.63,-58.619,-57.607,-56.748,-56.146,-55.633,-55.199,-54.689,-53.783,-52.228,-43.94,-40.512,-32.365,-27.594,-19.01,2.3109,5.666,6.2573,6.4923,5.8967,4.255,-5.8911,-12.433,-38.371,-43.795,-47.952,-50.624,-52.906,-55.052,-56.933,-58.494,-59.804,-60.376,-60.861,-61.292,-61.667,-62.103,-62.274,-62.419,-62.53,-62.615,-62.672,-62.698,-62.694,-62.664,-62.602,-62.513,-62.247,-61.862,-61.53,-61.144,-60.168,-58.909,-57.591,-56.665,-55.947,-55.374,-55.062,-54.76,-53.996,-52.655,-40.928,-31.939,-27.523,-18.879,2.4182,5.2743,6.4939,6.0981,4.955,-11.02,-38.071,-43.293,-47.022,-49.477,-51.669,-53.726,-55.615,-57.188,-58.594,-59.771,-60.756,-61.42,-61.942,-62.152,-62.332,-62.471,-62.579,-62.653,-62.691,-62.697,-62.669,-62.607,-62.511,-62.381,-62.217,-61.945,-61.615,-61.226,-60.76,-59.576,-58.18,-57.025,-56.141,-55.794,-55.463,-55.147,-54.824,-53.967,-52.595,-40.866,-32.274,-27.443,-18.73,2.5375,5.3352,6.4962,6.0703,4.5447,-6.4049,-13.932,-38.782,-44.365,-48.348,-51.804,-53.342,-54.82,-56.14,-57.315,-58.599,-59.738,-60.676,-61.422,-61.738,-61.999,-62.221,-62.394,-62.53,-62.626,-62.682,-62.698,-62.674,-62.61,-62.505,-62.361,-62.179,-61.952,-61.378,-60.564,-59.523,-58.301,-57.16,-56.628,-56.176,-55.791,-55.429,-55.096,-54.739,-53.675,-51.439,-44.395,-40.797,-31.833,-26.701,-18.564,1.6981,5.4004,6.1133,6.4975,6.0389,4.4909,-6.0502,-12.569,-39.808,-45.814,-48.017,-50.112,-52.943,-55.401,-56.495,-57.557,-58.46,-59.272,-59.992,-60.622,-61.163,-61.635,-62.014,-62.304,-62.518,-62.646,-62.682,-62.697,-62.689,-62.66,-62.536,-62.328,-62.032,-61.639,-61.148,-60.562,-59.659,-58.623,-57.599,-56.722,-56.117,-55.619,-55.177,-54.64,-53.63,-51.938,-44.277,-40.268,-32.161,-27.255,-18.384,1.853,5.4687,6.1509,6.4973,6.0039,4.4322,-6.1136,-12.624,-39.856,-45.846,-48.044,-50.133,-52.958,-55.412,-56.505,-57.564,-58.466,-59.277,-59.996,-60.626,-61.166,-61.619,-62.001,-62.295,-62.505,-62.639,-62.677,-62.695,-62.691,-62.666,-62.552,-62.351,-62.069,-61.693,-61.22,-60.651,-59.769,-58.754,-57.711,-56.815,-56.189,-55.665,-55.21,-54.713,-53.858,-51.845,-44.153,-40.195,-32.098,-27.15,-18.189,2.0159,5.539,6.1888,6.4954,5.9655,4.3689,-5.7658,-12.682,-39.585,-45.658,-47.891,-50.011,-52.868,-55.345,-57.457,-58.375,-59.199,-59.931,-60.572,-61.122,-61.584,-61.961,-62.266,-62.485,-62.629,-62.671,-62.693,-62.693,-62.671,-62.564,-62.368,-62.091,-61.718,-61.248,-60.683,-59.803,-58.778,-57.722,-56.812,-56.185,-55.661,-55.203,-54.698,-53.813,-51.745,-44.024,-40.566,-32.031,-27.037,-19.153,2.1849,5.6104,6.2262,6.4914,5.9237,4.3014,-5.8379,-12.386,-39.64,-45.469,-47.738,-49.888,-52.671,-55.198,-57.348,-58.282,-59.078,-59.793,-60.458,-61.005,-61.491,-61.889,-62.202,-62.436,-62.597,-62.651,-62.683,-62.694,-62.684,-62.652,-62.597,-62.419,-62.157,-61.797,-61.338,-60.782,-59.899,-58.868,-57.776,-56.841,-56.2,-55.681,-55.196,-54.683,-53.765,-52.192,-43.891,-40.482,-31.961,-26.918,-18.945,2.3584,5.2406,6.4874,6.4161,6.1063,4.6122,-6.7373,-14.213,-39.045,-44.804,-48.984,-50.758,-52.469,-54.091,-55.527,-56.865,-58.031,-59.295,-60.34,-61.175,-61.532,-61.829,-62.085,-62.297,-62.465,-62.583,-62.659,-62.692,-62.683,-62.629,-62.516,-62.352,-62.132,-61.856,-61.525,-61.128,-60.127,-59.409,-58.639,-57.858,-57.161,-56.596,-56.122,-55.7,-55.336,-55.004,-54.571,-53.965,-53.024,-40.86,-32.271,-28.623,-19.858,2.5349,5.3312,6.4917,6.0661,4.9057,-11.434,-39.757,-45.551,-49.792,-52.6,-55.063,-57.188,-58.093,-58.917,-59.657,-60.313,-60.886,-61.375,-61.783,-62.123,-62.381,-62.558,-62.625,-62.668,-62.69,-62.69,-62.667,-62.621,-62.46,-62.211,-61.863,-61.414,-60.866,-59.979,-58.928,-57.813,-56.85,-56.211,-55.671,-55.18,-54.649,-53.656,-51.987,-44.344,-40.308,-32.197,-27.317,-18.498,1.7504,5.4208,6.1227,6.4935,6.0229,4.4672,-6.0726,-12.587,-38.839,-44.652,-48.715,-51.453,-53.843,-56.003,-57.835,-59.35,-59.988,-60.56,-61.064,-61.499,-61.864,-62.161,-62.437,-62.542,-62.617,-62.667,-62.69,-62.687,-62.66,-62.607,-62.527,-62.291,-61.954,-61.5,-60.706,-59.68,-58.432,-57.245,-56.438,-55.807,-55.288,-54.717,-53.871,-51.875,-44.193,-40.218,-32.121,-27.189,-18.262,1.9511,5.5086,6.1707,6.4925,5.9769,4.3905,-5.7396,-12.659,-38.572,-44.203,-48.407,-50.966,-53.373,-55.492,-57.33,-58.888,-59.555,-60.163,-60.707,-61.162,-61.56,-61.897,-62.261,-62.399,-62.513,-62.597,-62.655,-62.686,-62.689,-62.665,-62.615,-62.534,-62.429,-62.133,-61.724,-61.379,-60.981,-59.998,-58.764,-57.492,-56.619,-55.931,-55.636,-55.35,-54.779,-54.05,-52.768,-41.052,-32.042,-27.056,-19.188,2.1513,5.5939,6.2158,6.4887,5.9283,4.3114,-5.8246,-12.374,-37.967,-43.475,-47.539,-50.169,-52.441,-54.517,-56.382,-58.016,-59.365,-60.482,-60.949,-61.364,-61.869,-62.079,-62.262,-62.408,-62.526,-62.613,-62.667,-62.69,-62.683,-62.643,-62.575,-62.475,-62.345,-61.99,-61.676,-61.305,-60.366,-59.115,-57.747,-56.761,-55.988,-55.681,-55.376,-55.064,-54.764,-54.006,-52.675,-40.951,-31.961,-27.56,-18.951,2.3498,5.2342,6.4838,6.4134,6.1045,4.6121,-6.7346,-14.21,-39.038,-44.797,-48.977,-50.752,-52.464,-54.085,-55.522,-56.795,-57.973,-59.208,-60.272,-61.124,-61.489,-61.793,-62.055,-62.274,-62.447,-62.569,-62.65,-62.687,-62.682,-62.631,-62.527,-62.367,-62.151,-61.888,-61.56,-61.178,-60.221,-59.521,-58.757,-57.983,-57.265,-56.693,-56.196,-55.77,-55.401,-55.053,-54.664,-54.161,-53.391,-50.831,-44.477,-40.849,-32.264,-28.614,-19.84,2.5456,5.3348,6.4886,6.06,4.5334,-5.9978,-13.233,-42.201,-45.774,-48.847,-51.426,-53.822,-55.302,-56.677,-57.93,-59.001,-59.909,-60.694,-61.35,-61.874,-62.083,-62.255,-62.402,-62.521,-62.606,-62.662,-62.688,-62.683,-62.648,-62.583,-62.487,-62.359,-62.01,-61.539,-61.144,-60.695,-59.581,-58.229,-56.989,-56.229,-55.62,-55.091,-54.431,-53.316,-51.372,-44.315,-40.748,-32.184,-27.296,-18.461,1.7788,5.4313,6.127,6.4903,6.0132,4.4534,-6.0851,-12.597,-38.844,-44.654,-48.714,-51.452,-53.842,-55.927,-57.777,-59.265,-59.915,-60.499,-61.012,-61.436,-61.798,-62.109,-62.403,-62.515,-62.597,-62.655,-62.684,-62.687,-62.665,-62.616,-62.541,-62.314,-61.983,-61.536,-60.749,-59.715,-58.47,-57.258,-56.454,-55.828,-55.286,-54.713,-53.858,-51.846,-44.155,-40.197,-32.103,-27.16,-18.211,1.99,5.5233,6.177,6.4889,5.9644,4.3723,-5.7569,-12.672,-38.581,-43.952,-48.057,-50.7,-52.962,-55.093,-56.897,-58.463,-59.779,-60.352,-60.839,-61.272,-61.648,-62.086,-62.258,-62.404,-62.516,-62.602,-62.657,-62.685,-62.684,-62.655,-62.595,-62.508,-62.391,-62.245,-61.863,-61.533,-61.149,-60.188,-58.946,-57.62,-56.683,-55.951,-55.381,-55.071,-54.775,-54.038,-52.742,-41.025,-32.022,-27.657,-19.131,2.1959,5.6105,6.2229,6.4844,5.9138,4.2904,-7.0762,-15.529,-40.273,-44.006,-46.96,-49.426,-51.625,-53.688,-55.506,-57.098,-58.521,-59.712,-60.709,-61.382,-61.911,-62.125,-62.308,-62.45,-62.561,-62.638,-62.678,-62.686,-62.661,-62.601,-62.506,-62.378,-62.215,-61.946,-61.617,-61.23,-60.765,-59.597,-58.206,-57.056,-56.162,-55.818,-55.495,-55.194,-54.832,-53.993,-52.647,-40.922,-31.94,-27.527,-18.89,2.3958,5.2562,6.4823,6.0912,4.5909,-6.7553,-14.226,-39.05,-44.312,-48.306,-51.771,-54.708,-56.043,-57.232,-58.531,-59.644,-60.573,-61.344,-61.654,-61.928,-62.163,-62.347,-62.492,-62.598,-62.663,-62.687,-62.672,-62.619,-62.528,-62.394,-62.22,-62.009,-61.46,-60.695,-59.719,-58.542,-57.381,-56.804,-56.304,-55.879,-55.489,-55.143,-54.743,-53.689,-51.469,-44.432,-40.822,-31.859,-26.747,-18.649,1.6123,5.355,6.4864,6.0466,4.5126,-6.0183,-12.895,-40.715,-44.11,-47.041,-49.488,-51.674,-53.232,-54.639,-55.912,-57.122,-58.14,-59.087,-59.907,-60.636,-61.24,-61.726,-62.117,-62.399,-62.506,-62.586,-62.644,-62.678,-62.686,-62.669,-62.63,-62.565,-62.392,-62.146,-61.822,-61.418,-60.926,-60.346,-59.654,-58.898,-58.117,-57.393,-56.769,-56.246,-55.809,-55.424,-55.04,-54.64,-53.629,-51.936,-44.275,-40.724,-32.166,-27.266,-18.408,1.8212,5.448,6.1348,6.4874,6.0007,4.4345,-6.9231,-15.058,-39.51,-46.044,-48.376,-50.537,-52.398,-54.213,-55.853,-57.256,-58.549,-59.62,-60.555,-61.309,-61.625,-61.889,-62.119,-62.312,-62.467,-62.577,-62.649,-62.683,-62.678,-62.634,-62.551,-62.43,-62.223,-61.948,-61.6,-61.191,-60.701,-60.129,-58.776,-57.404,-56.829,-56.332,-55.933,-55.561,-55.209,-54.857,-54.072,-52.817,-41.108,-38.243,-32.089,-27.763,-19.33,2.0222,5.5351,6.182,6.4855,5.9537,4.3569,-5.7715,-12.684,-40.529,-43.957,-46.719,-49.078,-51.352,-54.231,-55.489,-56.702,-57.786,-58.747,-59.589,-60.319,-60.94,-61.477,-61.906,-62.244,-62.376,-62.488,-62.572,-62.632,-62.67,-62.685,-62.677,-62.646,-62.528,-62.328,-62.051,-61.691,-61.241,-60.698,-60.054,-59.32,-58.479,-57.647,-56.935,-56.328,-55.866,-55.442,-55.07,-54.602,-53.796,-51.706,-43.977,-40.537,-32.012,-27.008,-19.105,2.2148,5.6164,6.2246,6.481,5.906,4.28,-6.6787,-14.161,-39.313,-45.231,-49.425,-51.376,-53.086,-54.689,-56.17,-57.456,-58.615,-59.855,-60.386,-60.867,-61.295,-61.648,-61.966,-62.214,-62.41,-62.553,-62.644,-62.683,-62.669,-62.601,-62.484,-62.314,-63.896,-64.533,-65.201,-65.869,-66.498,-67.181,-67.869,-68.59,-69.281,-69.943,-70.578,-71.186,-71.765,-72.317,-72.84,-73.278,-73.699,-74.103,-74.48,-74.84,-75.183,-75.509,-75.817,-76.107,-76.381,-76.642,-76.885,-77.112,-77.327,-77.528,-77.716,-77.933,-78.13,-78.31,-78.473,-78.618,-78.748,-78.863,-78.964,-79.122,-79.231,-79.293,-79.31,-79.275,-79.181,-78.616,-78.346,-78.134,-77.959,-77.792,-77.651,-77.524,-77.401
