1.7357e-05,3.4714e-05,5.2071e-05,6.9427e-05,8.6784e-05,0.00010414,0.0001215,0.00013885,0.00015621,0.00017357,0.00019093,0.00020828,0.00022564,0.000243,0.00026035,0.00027771,0.00029507,0.00031242,0.00032978,0.00034714,0.00036449,0.00038185,0.00039921,0.00041656,0.00043392,0.00045128,0.00046864,0.00048599,0.00050335,0.00052071,0.00053806,0.00055542,0.00057278,0.00059013,0.00060749,0.00062485,0.0006422,0.00065956,0.00067692,0.00069427,0.00071163,0.00072899,0.00074635,0.0007637,0.00078106,0.00079842,0.00081577,0.00083313,0.00085049,0.00086784,0.0008852,0.00090256,0.00091991,0.00093727,0.00095463,0.00097198,0.00098934,0.0010067,0.0010241,0.0010414,0.0010588,0.0010761,0.0010935,0.0011108,0.0011282,0.0011456,0.0011629,0.0011803,0.0011976,0.001215,0.0012323,0.0012497,0.0012671,0.0012844,0.0013018,0.0013191,0.0013365,0.0013538,0.0013712,0.0013885,0.0014059,0.0014233,0.0014406,0.001458,0.0014753,0.0014927,0.00151,0.0015274,0.0015448,0.0015621,0.0015795,0.0015968,0.0016142,0.0016315,0.0016489,0.0016663,0.0016836,0.001701,0.0017183,0.0017357,0.001753,0.0017704,0.0017878,0.0018051,0.0018225,0.0018398,0.0018572,0.0018745,0.0018919,0.0019093,0.0019266,0.001944,0.0019613,0.0019787,0.001996,0.0020134,0.0020308,0.0020481,0.0020655,0.0020828,0.0021002,0.0021175,0.0021349,0.0021523,0.0021696,0.002187,0.0022043,0.0022217,0.002239,0.0022564,0.0022738,0.0022911,0.0023085,0.0023258,0.0023432,0.0023605,0.0023779,0.0023952,0.0024126,0.00243,0.0024473,0.0024647,0.002482,0.0024994,0.0025167,0.0025341,0.0025515,0.0025688,0.0025862,0.0026035,0.0026209,0.0026382,0.0026556,0.002673,0.0026903,0.0027077,0.002725,0.0027424,0.0027597,0.0027771,0.0027945,0.0028118,0.0028292,0.0028465,0.0028639,0.0028812,0.0028986,0.002916,0.0029333,0.0029507,0.002968,0.0029854,0.0030027,0.0030201,0.0030375,0.0030548,0.0030722,0.0030895,0.0031069,0.0031242,0.0031416,0.003159,0.0031763,0.0031937,0.003211,0.0032284,0.0032457,0.0032631,0.0032804,0.0032978,0.0033152,0.0033325,0.0033499,0.0033672,0.0033846,0.0034019,0.0034193,0.0034367,0.003454,0.0034714,0.0034887,0.0035061,0.0035234,0.0035408,0.0035582,0.0035755,0.0035929,0.0036102,0.0036276,0.0036449,0.0036623,0.0036797,0.003697,0.0037144,0.0037317,0.0037491,0.0037664,0.0037838,0.0038012,0.0038185,0.0038359,0.0038532,0.0038706,0.0038879,0.0039053,0.0039227,0.00394,0.0039574,0.0039747,0.0039921,0.0040094,0.0040268,0.0040442,0.0040615,0.0040789,0.0040962,0.0041136,0.0041309,0.0041483,0.0041656,0.004183,0.0042004,0.0042177,0.0042351,0.0042524,0.0042698,0.0042871,0.0043045,0.0043219,0.0043392,0.0043566,0.0043739,0.0043913,0.0044086,0.004426,0.0044434,0.0044607,0.0044781,0.0044954,0.0045128,0.0045301,0.0045475,0.0045649,0.0045822,0.0045996,0.0046169,0.0046343,0.0046516,0.004669,0.0046864,0.0047037,0.0047211,0.0047384,0.0047558,0.0047731,0.0047905,0.0048079,0.0048252,0.0048426,0.0048599,0.0048773,0.0048946,0.004912,0.0049294,0.0049467,0.0049641,0.0049814,0.0049988,0.0050161,0.0050335,0.0050508,0.0050682,0.0050856,0.0051029,0.0051203,0.0051376,0.005155,0.0051723,0.0051897,0.0052071,0.0052244,0.0052418,0.0052591,0.0052765,0.0052938,0.0053112,0.0053286,0.0053459,0.0053633,0.0053806,0.005398,0.0054153,0.0054327,0.0054501,0.0054674,0.0054848,0.0055021,0.0055195,0.0055368,0.0055542,0.0055716,0.0055889,0.0056063,0.0056236,0.005641,0.0056583,0.0056757,0.0056931,0.0057104,0.0057278,0.0057451,0.0057625,0.0057798,0.0057972,0.0058146,0.0058319,0.0058493,0.0058666,0.005884,0.0059013,0.0059187,0.0059361,0.0059534,0.0059708,0.0059881,0.0060055,0.0060228,0.0060402,0.0060575,0.0060749,0.0060923,0.0061096,0.006127,0.0061443,0.0061617,0.006179,0.0061964,0.0062138,0.0062311,0.0062485,0.0062658,0.0062832,0.0063005,0.0063179,0.0063353,0.0063526,0.00637,0.0063873,0.0064047,0.006422,0.0064394,0.0064568,0.0064741,0.0064915,0.0065088,0.0065262,0.0065435,0.0065609,0.0065783,0.0065956,0.006613,0.0066303,0.0066477,0.006665,0.0066824,0.0066998,0.0067171,0.0067345,0.0067518,0.0067692,0.0067865,0.0068039,0.0068213,0.0068386,0.006856,0.0068733,0.0068907,0.006908,0.0069254,0.0069427,0.0069601,0.0069775,0.0069948,0.0070122,0.0070295,0.0070469,0.0070642,0.0070816,0.007099,0.0071163,0.0071337,0.007151,0.0071684,0.0071857,0.0072031,0.0072205,0.0072378,0.0072552,0.0072725,0.0072899,0.0073072,0.0073246,0.007342,0.0073593,0.0073767,0.007394,0.0074114,0.0074287,0.0074461,0.0074635,0.0074808,0.0074982,0.0075155,0.0075329,0.0075502,0.0075676,0.007585,0.0076023,0.0076197,0.007637,0.0076544,0.0076717,0.0076891,0.0077065,0.0077238,0.0077412,0.0077585,0.0077759,0.0077932,0.0078106,0.0078279,0.0078453,0.0078627,0.00788,0.0078974,0.0079147,0.0079321,0.0079494,0.0079668,0.0079842,0.0080015,0.0080189,0.0080362,0.0080536,0.0080709,0.0080883,0.0081057,0.008123,0.0081404,0.0081577,0.0081751,0.0081924,0.0082098,0.0082272,0.0082445,0.0082619,0.0082792,0.0082966,0.0083139,0.0083313,0.0083487,0.008366,0.0083834,0.0084007,0.0084181,0.0084354,0.0084528,0.0084702,0.0084875,0.0085049,0.0085222,0.0085396,0.0085569,0.0085743,0.0085917,0.008609,0.0086264,0.0086437,0.0086611,0.0086784,0.0086958,0.0087132,0.0087305,0.0087479,0.0087652,0.0087826,0.0087999,0.0088173,0.0088346,0.008852,0.0088694,0.0088867,0.0089041,0.0089214,0.0089388,0.0089561,0.0089735,0.0089909,0.0090082,0.0090256,0.0090429,0.0090603,0.0090776,0.009095,0.0091124,0.0091297,0.0091471,0.0091644,0.0091818,0.0091991,0.0092165,0.0092339,0.0092512,0.0092686,0.0092859,0.0093033,0.0093206,0.009338,0.0093554,0.0093727,0.0093901,0.0094074,0.0094248,0.0094421,0.0094595,0.0094769,0.0094942,0.0095116,0.0095289,0.0095463,0.0095636,0.009581,0.0095984,0.0096157,0.0096331,0.0096504,0.0096678,0.0096851,0.0097025,0.0097198,0.0097372,0.0097546,0.0097719,0.0097893,0.0098066,0.009824,0.0098413,0.0098587,0.0098761,0.0098934,0.0099108,0.0099281,0.0099455,0.0099628,0.0099802,0.0099976,0.010015,0.010032,0.01005,0.010067,0.010084,0.010102,0.010119,0.010136,0.010154,0.010171,0.010188,0.010206,0.010223,0.010241,0.010258,0.010275,0.010293,0.01031,0.010327,0.010345,0.010362,0.010379,0.010397,0.010414,0.010431,0.010449,0.010466,0.010484,0.010501,0.010518,0.010536,0.010553,0.01057,0.010588,0.010605,0.010622,0.01064,0.010657,0.010674,0.010692,0.010709,0.010727,0.010744,0.010761,0.010779,0.010796,0.010813,0.010831,0.010848,0.010865,0.010883,0.0109,0.010917,0.010935,0.010952,0.01097,0.010987,0.011004,0.011022,0.011039,0.011056,0.011074,0.011091,0.011108,0.011126,0.011143,0.01116,0.011178,0.011195,0.011213,0.01123,0.011247,0.011265,0.011282,0.011299,0.011317,0.011334,0.011351,0.011369,0.011386,0.011403,0.011421,0.011438,0.011456,0.011473,0.01149,0.011508,0.011525,0.011542,0.01156,0.011577,0.011594,0.011612,0.011629,0.011646,0.011664,0.011681,0.011699,0.011716,0.011733,0.011751,0.011768,0.011785,0.011803,0.01182,0.011837,0.011855,0.011872,0.011889,0.011907,0.011924,0.011942,0.011959,0.011976,0.011994,0.012011,0.012028,0.012046,0.012063,0.01208,0.012098,0.012115,0.012132,0.01215,0.012167,0.012185,0.012202,0.012219,0.012237,0.012254,0.012271,0.012289,0.012306,0.012323,0.012341,0.012358,0.012375,0.012393,0.01241,0.012428,0.012445,0.012462,0.01248,0.012497,0.012514,0.012532,0.012549,0.012566,0.012584,0.012601,0.012618,0.012636,0.012653,0.012671,0.012688,0.012705,0.012723,0.01274,0.012757,0.012775,0.012792,0.012809,0.012827,0.012844,0.012861,0.012879,0.012896,0.012914,0.012931,0.012948,0.012966,0.012983,0.013,0.013018,0.013035,0.013052,0.01307,0.013087,0.013104,0.013122,0.013139,0.013157,0.013174,0.013191,0.013209,0.013226,0.013243,0.013261,0.013278,0.013295,0.013313,0.01333,0.013347,0.013365,0.013382,0.0134,0.013417,0.013434,0.013452,0.013469,0.013486,0.013504,0.013521,0.013538,0.013556,0.013573,0.01359,0.013608,0.013625,0.013643,0.01366,0.013677,0.013695,0.013712,0.013729,0.013747,0.013764,0.013781,0.013799,0.013816,0.013833,0.013851,0.013868,0.013885,0.013903,0.01392,0.013938,0.013955,0.013972,0.01399,0.014007,0.014024,0.014042,0.014059,0.014076,0.014094,0.014111,0.014128,0.014146,0.014163,0.014181,0.014198,0.014215,0.014233,0.01425,0.014267,0.014285,0.014302,0.014319,0.014337,0.014354,0.014371,0.014389,0.014406,0.014424,0.014441,0.014458,0.014476,0.014493,0.01451,0.014528,0.014545,0.014562,0.01458,0.014597,0.014614,0.014632,0.014649,0.014667,0.014684,0.014701,0.014719,0.014736,0.014753,0.014771,0.014788,0.014805,0.014823,0.01484,0.014857,0.014875,0.014892,0.01491,0.014927,0.014944,0.014962,0.014979,0.014996,0.015014,0.015031,0.015048,0.015066,0.015083,0.0151,0.015118,0.015135,0.015153,0.01517,0.015187,0.015205,0.015222,0.015239,0.015257,0.015274,0.015291,0.015309,0.015326,0.015343,0.015361,0.015378,0.015396,0.015413,0.01543,0.015448,0.015465,0.015482,0.0155,0.015517,0.015534,0.015552,0.015569,0.015586,0.015604,0.015621,0.015639,0.015656,0.015673,0.015691,0.015708,0.015725,0.015743,0.01576,0.015777,0.015795,0.015812,0.015829,0.015847,0.015864,0.015882,0.015899,0.015916,0.015934,0.015951,0.015968,0.015986,0.016003,0.01602,0.016038,0.016055,0.016072,0.01609,0.016107,0.016125,0.016142,0.016159,0.016177,0.016194,0.016211,0.016229,0.016246,0.016263,0.016281,0.016298,0.016315,0.016333,0.01635,0.016368,0.016385,0.016402,0.01642,0.016437,0.016454,0.016472,0.016489,0.016506,0.016524,0.016541,0.016558,0.016576,0.016593,0.016611,0.016628,0.016645,0.016663,0.01668,0.016697,0.016715,0.016732,0.016749,0.016767,0.016784,0.016801,0.016819,0.016836,0.016854,0.016871,0.016888,0.016906,0.016923,0.01694,0.016958,0.016975,0.016992,0.01701,0.017027,0.017044,0.017062,0.017079,0.017097,0.017114,0.017131,0.017149,0.017166,0.017183,0.017201,0.017218,0.017235,0.017253,0.01727,0.017287,0.017305,0.017322,0.01734,0.017357,0.017374,0.017392,0.017409,0.017426,0.017444,0.017461,0.017478,0.017496,0.017513,0.01753,0.017548,0.017565,0.017583,0.0176,0.017617,0.017635,0.017652,0.017669,0.017687,0.017704,0.017721,0.017739,0.017756,0.017773,0.017791,0.017808,0.017826,0.017843,0.01786,0.017878,0.017895,0.017912,0.01793,0.017947,0.017964,0.017982,0.017999,0.018016,0.018034,0.018051,0.018069,0.018086,0.018103,0.018121,0.018138,0.018155,0.018173,0.01819,0.018207,0.018225,0.018242,0.018259,0.018277,0.018294,0.018312,0.018329,0.018346,0.018364,0.018381,0.018398,0.018416,0.018433,0.01845,0.018468,0.018485,0.018502,0.01852,0.018537,0.018554,0.018572,0.018589,0.018607,0.018624,0.018641,0.018659,0.018676,0.018693,0.018711,0.018728,0.018745,0.018763,0.01878,0.018797,0.018815,0.018832,0.01885,0.018867,0.018884,0.018902,0.018919,0.018936,0.018954,0.018971,0.018988,0.019006,0.019023,0.01904,0.019058,0.019075,0.019093,0.01911,0.019127,0.019145,0.019162,0.019179,0.019197,0.019214,0.019231,0.019249,0.019266,0.019283,0.019301,0.019318,0.019336,0.019353,0.01937,0.019388,0.019405,0.019422,0.01944,0.019457,0.019474,0.019492,0.019509,0.019526,0.019544,0.019561,0.019579,0.019596,0.019613,0.019631,0.019648,0.019665,0.019683,0.0197,0.019717,0.019735,0.019752,0.019769,0.019787,0.019804,0.019822,0.019839,0.019856,0.019874,0.019891,0.019908,0.019926,0.019943,0.01996,0.019978,0.019995,0.020012,0.02003,0.020047,0.020065,0.020082,0.020099,0.020117,0.020134,0.020151,0.020169,0.020186,0.020203,0.020221,0.020238,0.020255,0.020273,0.02029,0.020308,0.020325,0.020342,0.02036,0.020377,0.020394,0.020412,0.020429,0.020446,0.020464,0.020481,0.020498,0.020516,0.020533,0.020551,0.020568,0.020585,0.020603,0.02062,0.020637,0.020655,0.020672,0.020689,0.020707,0.020724,0.020741,0.020759,0.020776,0.020794,0.020811,0.020828,0.020846,0.020863,0.02088,0.020898,0.020915,0.020932,0.02095,0.020967,0.020984,0.021002,0.021019,0.021037,0.021054,0.021071,0.021089,0.021106,0.021123,0.021141,0.021158,0.021175,0.021193,0.02121,0.021227,0.021245,0.021262,0.02128,0.021297,0.021314,0.021332,0.021349,0.021366,0.021384,0.021401,0.021418,0.021436,0.021453,0.02147,0.021488,0.021505,0.021523,0.02154,0.021557,0.021575,0.021592,0.021609,0.021627,0.021644,0.021661,0.021679,0.021696,0.021713,0.021731,0.021748,0.021766,0.021783,0.0218,0.021818,0.021835,0.021852,0.02187,0.021887,0.021904,0.021922,0.021939,0.021956,0.021974,0.021991,0.022009,0.022026,0.022043,0.022061,0.022078,0.022095,0.022113,0.02213,0.022147,0.022165,0.022182,0.022199,0.022217,0.022234,0.022252,0.022269,0.022286,0.022304,0.022321,0.022338,0.022356,0.022373,0.02239,0.022408,0.022425,0.022442,0.02246,0.022477,0.022495,0.022512,0.022529,0.022547,0.022564,0.022581,0.022599,0.022616,0.022633,0.022651,0.022668,0.022685,0.022703,0.02272,0.022738,0.022755,0.022772,0.02279,0.022807,0.022824,0.022842,0.022859,0.022876,0.022894,0.022911,0.022928,0.022946,0.022963,0.02298,0.022998,0.023015,0.023033,0.02305,0.023067,0.023085,0.023102,0.023119,0.023137,0.023154,0.023171,0.023189,0.023206,0.023223,0.023241,0.023258,0.023276,0.023293,0.02331,0.023328,0.023345,0.023362,0.02338,0.023397,0.023414,0.023432,0.023449,0.023466,0.023484,0.023501,0.023519,0.023536,0.023553,0.023571,0.023588,0.023605,0.023623,0.02364,0.023657,0.023675,0.023692,0.023709,0.023727,0.023744,0.023762,0.023779,0.023796,0.023814,0.023831,0.023848,0.023866,0.023883,0.0239,0.023918,0.023935,0.023952,0.02397,0.023987,0.024005,0.024022,0.024039,0.024057,0.024074,0.024091,0.024109,0.024126,0.024143,0.024161,0.024178,0.024195,0.024213,0.02423,0.024248,0.024265,0.024282,0.0243,0.024317,0.024334,0.024352,0.024369,0.024386,0.024404,0.024421,0.024438,0.024456,0.024473,0.024491,0.024508,0.024525,0.024543,0.02456,0.024577,0.024595,0.024612,0.024629,0.024647,0.024664,0.024681,0.024699,0.024716,0.024734,0.024751,0.024768,0.024786,0.024803,0.02482,0.024838,0.024855,0.024872,0.02489,0.024907,0.024924,0.024942,0.024959,0.024977,0.024994,0.025011,0.025029,0.025046,0.025063,0.025081,0.025098,0.025115,0.025133,0.02515,0.025167,0.025185,0.025202,0.02522,0.025237,0.025254,0.025272,0.025289,0.025306,0.025324,0.025341,0.025358,0.025376,0.025393,0.02541,0.025428,0.025445,0.025463,0.02548,0.025497,0.025515,0.025532,0.025549,0.025567,0.025584,0.025601,0.025619,0.025636,0.025653,0.025671,0.025688,0.025706,0.025723,0.02574,0.025758,0.025775,0.025792,0.02581,0.025827,0.025844,0.025862,0.025879,0.025896,0.025914,0.025931,0.025949,0.025966,0.025983,0.026001,0.026018,0.026035,0.026053,0.02607,0.026087,0.026105,0.026122,0.026139,0.026157,0.026174,0.026192,0.026209,0.026226,0.026244,0.026261,0.026278,0.026296,0.026313,0.02633,0.026348,0.026365,0.026382,0.0264,0.026417,0.026435,0.026452,0.026469,0.026487,0.026504,0.026521,0.026539,0.026556,0.026573,0.026591,0.026608,0.026625,0.026643,0.02666,0.026678,0.026695,0.026712,0.02673,0.026747,0.026764,0.026782,0.026799,0.026816,0.026834,0.026851,0.026868,0.026886,0.026903,0.026921,0.026938,0.026955,0.026973,0.02699,0.027007,0.027025,0.027042,0.027059,0.027077,0.027094,0.027111,0.027129,0.027146,0.027164,0.027181,0.027198,0.027216,0.027233,0.02725,0.027268,0.027285,0.027302,0.02732,0.027337,0.027354,0.027372,0.027389,0.027407,0.027424,0.027441,0.027459,0.027476,0.027493,0.027511,0.027528,0.027545,0.027563,0.02758,0.027597,0.027615,0.027632,0.027649,0.027667,0.027684,0.027702,0.027719,0.027736,0.027754,0.027771,0.027788,0.027806,0.027823,0.02784,0.027858,0.027875,0.027892,0.02791,0.027927,0.027945,0.027962,0.027979,0.027997,0.028014,0.028031,0.028049,0.028066,0.028083,0.028101,0.028118,0.028135,0.028153,0.02817,0.028188,0.028205,0.028222,0.02824,0.028257,0.028274,0.028292,0.028309,0.028326,0.028344,0.028361,0.028378,0.028396,0.028413,0.028431,0.028448,0.028465,0.028483,0.0285,0.028517,0.028535,0.028552,0.028569,0.028587,0.028604,0.028621,0.028639,0.028656,0.028674,0.028691,0.028708,0.028726,0.028743,0.02876,0.028778,0.028795,0.028812,0.02883,0.028847,0.028864,0.028882,0.028899,0.028917,0.028934,0.028951,0.028969,0.028986,0.029003,0.029021,0.029038,0.029055,0.029073,0.02909,0.029107,0.029125,0.029142,0.02916,0.029177,0.029194,0.029212,0.029229,0.029246,0.029264,0.029281,0.029298,0.029316,0.029333,0.02935,0.029368,0.029385,0.029403,0.02942,0.029437,0.029455,0.029472,0.029489,0.029507,0.029524,0.029541,0.029559,0.029576,0.029593,0.029611,0.029628,0.029646,0.029663,0.02968,0.029698,0.029715,0.029732,0.02975,0.029767,0.029784,0.029802,0.029819,0.029836,0.029854,0.029871,0.029889,0.029906,0.029923,0.029941,0.029958,0.029975,0.029993,0.03001,0.030027,0.030045,0.030062,0.030079,0.030097,0.030114,0.030132,0.030149,0.030166,0.030184,0.030201,0.030218,0.030236,0.030253,0.03027,0.030288,0.030305,0.030322,0.03034,0.030357,0.030375,0.030392,0.030409,0.030427,0.030444,0.030461,0.030479,0.030496,0.030513,0.030531,0.030548,0.030565,0.030583,0.0306,0.030618,0.030635,0.030652,0.03067,0.030687,0.030704,0.030722,0.030739,0.030756,0.030774,0.030791,0.030808,0.030826,0.030843,0.030861,0.030878,0.030895,0.030913,0.03093,0.030947,0.030965,0.030982,0.030999,0.031017,0.031034,0.031051,0.031069,0.031086,0.031104,0.031121,0.031138,0.031156,0.031173,0.03119,0.031208,0.031225,0.031242,0.03126,0.031277,0.031294,0.031312,0.031329,0.031347,0.031364,0.031381,0.031399,0.031416,0.031433,0.031451,0.031468,0.031485,0.031503,0.03152,0.031537,0.031555,0.031572,0.03159,0.031607,0.031624,0.031642,0.031659,0.031676,0.031694,0.031711,0.031728,0.031746,0.031763,0.03178,0.031798,0.031815,0.031833,0.03185,0.031867,0.031885,0.031902,0.031919,0.031937,0.031954,0.031971,0.031989,0.032006,0.032023,0.032041,0.032058,0.032076,0.032093,0.03211,0.032128,0.032145,0.032162,0.03218,0.032197,0.032214,0.032232,0.032249,0.032266,0.032284,0.032301,0.032318,0.032336,0.032353,0.032371,0.032388,0.032405,0.032423,0.03244,0.032457,0.032475,0.032492,0.032509,0.032527,0.032544,0.032561,0.032579,0.032596,0.032614,0.032631,0.032648,0.032666,0.032683,0.0327,0.032718,0.032735,0.032752,0.03277,0.032787,0.032804,0.032822,0.032839,0.032857,0.032874,0.032891,0.032909,0.032926,0.032943,0.032961,0.032978,0.032995,0.033013,0.03303,0.033047,0.033065,0.033082,0.0331,0.033117,0.033134,0.033152,0.033169,0.033186,0.033204,0.033221,0.033238,0.033256,0.033273,0.03329,0.033308,0.033325,0.033343,0.03336,0.033377,0.033395,0.033412,0.033429,0.033447,0.033464,0.033481,0.033499,0.033516,0.033533,0.033551,0.033568,0.033586,0.033603,0.03362,0.033638,0.033655,0.033672,0.03369,0.033707,0.033724,0.033742,0.033759,0.033776,0.033794,0.033811,0.033829,0.033846,0.033863,0.033881,0.033898,0.033915,0.033933,0.03395,0.033967,0.033985,0.034002,0.034019,0.034037,0.034054,0.034072,0.034089,0.034106,0.034124,0.034141,0.034158,0.034176,0.034193,0.03421,0.034228,0.034245,0.034262,0.03428,0.034297,0.034315,0.034332,0.034349,0.034367,0.034384,0.034401,0.034419,0.034436,0.034453,0.034471,0.034488,0.034505,0.034523,0.03454,0.034558,0.034575,0.034592,0.03461,0.034627,0.034644,0.034662,0.034679,0.034696,0.034714,0.034731,0.034748,0.034766,0.034783,0.034801,0.034818,0.034835,0.034853,0.03487,0.034887,0.034905,0.034922,0.034939,0.034957,0.034974,0.034991,0.035009,0.035026,0.035044,0.035061,0.035078,0.035096,0.035113,0.03513,0.035148,0.035165,0.035182,0.0352,0.035217,0.035234,0.035252,0.035269,0.035287,0.035304,0.035321,0.035339,0.035356,0.035373,0.035391,0.035408,0.035425,0.035443,0.03546,0.035477,0.035495,0.035512,0.03553,0.035547,0.035564,0.035582,0.035599,0.035616,0.035634,0.035651,0.035668,0.035686,0.035703,0.03572,0.035738,0.035755,0.035773,0.03579,0.035807,0.035825,0.035842,0.035859,0.035877,0.035894,0.035911,0.035929,0.035946,0.035963,0.035981,0.035998,0.036016,0.036033,0.03605,0.036068,0.036085,0.036102,0.03612,0.036137,0.036154,0.036172,0.036189,0.036206,0.036224,0.036241,0.036259,0.036276,0.036293,0.036311,0.036328,0.036345,0.036363,0.03638,0.036397,0.036415,0.036432,0.036449,0.036467,0.036484,0.036502,0.036519,0.036536,0.036554,0.036571,0.036588,0.036606,0.036623,0.03664,0.036658,0.036675,0.036692,0.03671,0.036727,0.036744,0.036762,0.036779,0.036797,0.036814,0.036831,0.036849,0.036866,0.036883,0.036901,0.036918,0.036935,0.036953,0.03697,0.036987,0.037005,0.037022,0.03704,0.037057,0.037074,0.037092,0.037109,0.037126,0.037144,0.037161,0.037178,0.037196,0.037213,0.03723,0.037248,0.037265,0.037283,0.0373,0.037317,0.037335,0.037352,0.037369,0.037387,0.037404,0.037421,0.037439,0.037456,0.037473,0.037491,0.037508,0.037526,0.037543,0.03756,0.037578,0.037595,0.037612,0.03763,0.037647,0.037664,0.037682,0.037699,0.037716,0.037734,0.037751,0.037769,0.037786,0.037803,0.037821,0.037838,0.037855,0.037873,0.03789,0.037907,0.037925,0.037942,0.037959,0.037977,0.037994,0.038012,0.038029,0.038046,0.038064,0.038081,0.038098,0.038116,0.038133,0.03815,0.038168,0.038185,0.038202,0.03822,0.038237,0.038255,0.038272,0.038289,0.038307,0.038324,0.038341,0.038359,0.038376,0.038393,0.038411,0.038428,0.038445,0.038463,0.03848,0.038498,0.038515,0.038532,0.03855,0.038567,0.038584,0.038602,0.038619,0.038636,0.038654,0.038671,0.038688,0.038706,0.038723,0.038741,0.038758,0.038775,0.038793,0.03881,0.038827,0.038845,0.038862,0.038879,0.038897,0.038914,0.038931,0.038949,0.038966,0.038984,0.039001,0.039018,0.039036,0.039053,0.03907,0.039088,0.039105,0.039122,0.03914,0.039157,0.039174,0.039192,0.039209,0.039227,0.039244,0.039261,0.039279,0.039296,0.039313,0.039331,0.039348,0.039365,0.039383,0.0394,0.039417,0.039435,0.039452,0.03947,0.039487,0.039504,0.039522,0.039539,0.039556,0.039574,0.039591,0.039608,0.039626,0.039643,0.03966,0.039678,0.039695,0.039713,0.03973,0.039747,0.039765,0.039782,0.039799,0.039817,0.039834,0.039851,0.039869,0.039886,0.039903,0.039921,0.039938,0.039956,0.039973,0.03999,0.040008,0.040025,0.040042,0.04006,0.040077,0.040094,0.040112,0.040129,0.040146,0.040164,0.040181,0.040199,0.040216,0.040233,0.040251,0.040268,0.040285,0.040303,0.04032,0.040337,0.040355,0.040372,0.040389,0.040407,0.040424,0.040442,0.040459,0.040476,0.040494,0.040511,0.040528,0.040546,0.040563,0.04058,0.040598,0.040615,0.040632,0.04065,0.040667,0.040685,0.040702,0.040719,0.040737,0.040754,0.040771,0.040789,0.040806,0.040823,0.040841,0.040858,0.040875,0.040893,0.04091,0.040928,0.040945,0.040962,0.04098,0.040997,0.041014,0.041032,0.041049,0.041066,0.041084,0.041101,0.041118,0.041136,0.041153,0.041171,0.041188,0.041205,0.041223,0.04124,0.041257,0.041275,0.041292,0.041309,0.041327,0.041344,0.041361,0.041379,0.041396,0.041413,0.041431,0.041448,0.041466,0.041483,0.0415,0.041518,0.041535,0.041552,0.04157,0.041587,0.041604,0.041622,0.041639,0.041656,0.041674,0.041691,0.041709,0.041726,0.041743,0.041761,0.041778,0.041795,0.041813,0.04183,0.041847,0.041865,0.041882,0.041899,0.041917,0.041934,0.041952,0.041969,0.041986,0.042004,0.042021,0.042038,0.042056,0.042073,0.04209,0.042108,0.042125,0.042142,0.04216,0.042177,0.042195,0.042212,0.042229,0.042247,0.042264,0.042281,0.042299,0.042316,0.042333,0.042351,0.042368,0.042385,0.042403,0.04242,0.042438,0.042455,0.042472,0.04249,0.042507,0.042524,0.042542,0.042559,0.042576,0.042594,0.042611,0.042628,0.042646,0.042663,0.042681,0.042698,0.042715,0.042733,0.04275,0.042767,0.042785,0.042802,0.042819,0.042837,0.042854,0.042871,0.042889,0.042906,0.042924,0.042941,0.042958,0.042976,0.042993,0.04301,0.043028,0.043045,0.043062,0.04308,0.043097,0.043114,0.043132,0.043149,0.043167,0.043184,0.043201,0.043219,0.043236,0.043253,0.043271,0.043288,0.043305,0.043323,0.04334,0.043357,0.043375,0.043392,0.04341,0.043427,0.043444,0.043462,0.043479,0.043496,0.043514,0.043531,0.043548,0.043566,0.043583,0.0436,0.043618,0.043635,0.043653,0.04367,0.043687,0.043705,0.043722,0.043739,0.043757,0.043774,0.043791,0.043809,0.043826,0.043843,0.043861,0.043878,0.043896,0.043913,0.04393,0.043948,0.043965,0.043982,0.044,0.044017,0.044034,0.044052,0.044069,0.044086,0.044104,0.044121,0.044139,0.044156,0.044173,0.044191,0.044208,0.044225,0.044243,0.04426,0.044277,0.044295,0.044312,0.044329,0.044347,0.044364,0.044382,0.044399,0.044416,0.044434,0.044451,0.044468,0.044486,0.044503,0.04452,0.044538,0.044555,0.044572,0.04459,0.044607,0.044625,0.044642,0.044659,0.044677,0.044694,0.044711,0.044729,0.044746,0.044763,0.044781,0.044798,0.044815,0.044833,0.04485,0.044868,0.044885,0.044902,0.04492,0.044937,0.044954,0.044972,0.044989,0.045006,0.045024,0.045041,0.045058,0.045076,0.045093,0.045111,0.045128,0.045145,0.045163,0.04518,0.045197,0.045215,0.045232,0.045249,0.045267,0.045284,0.045301,0.045319,0.045336,0.045354,0.045371,0.045388,0.045406,0.045423,0.04544,0.045458,0.045475,0.045492,0.04551,0.045527,0.045544,0.045562,0.045579,0.045597,0.045614,0.045631,0.045649,0.045666,0.045683,0.045701,0.045718,0.045735,0.045753,0.04577,0.045787,0.045805,0.045822,0.04584,0.045857,0.045874,0.045892,0.045909,0.045926,0.045944,0.045961,0.045978,0.045996,0.046013,0.04603,0.046048,0.046065,0.046082,0.0461,0.046117,0.046135,0.046152,0.046169,0.046187,0.046204,0.046221,0.046239,0.046256,0.046273,0.046291,0.046308,0.046325,0.046343,0.04636,0.046378,0.046395,0.046412,0.04643,0.046447,0.046464,0.046482,0.046499,0.046516,0.046534,0.046551,0.046568,0.046586,0.046603,0.046621,0.046638,0.046655,0.046673,0.04669,0.046707,0.046725,0.046742,0.046759,0.046777,0.046794,0.046811,0.046829,0.046846,0.046864,0.046881,0.046898,0.046916,0.046933,0.04695,0.046968,0.046985,0.047002,0.04702,0.047037,0.047054,0.047072,0.047089,0.047107,0.047124,0.047141,0.047159,0.047176,0.047193,0.047211,0.047228,0.047245,0.047263,0.04728,0.047297,0.047315,0.047332,0.04735,0.047367,0.047384,0.047402,0.047419,0.047436,0.047454,0.047471,0.047488,0.047506,0.047523,0.04754,0.047558,0.047575,0.047593,0.04761,0.047627,0.047645,0.047662,0.047679,0.047697,0.047714,0.047731,0.047749,0.047766,0.047783,0.047801,0.047818,0.047836,0.047853,0.04787,0.047888,0.047905,0.047922,0.04794,0.047957,0.047974,0.047992,0.048009,0.048026,0.048044,0.048061,0.048079,0.048096,0.048113,0.048131,0.048148,0.048165,0.048183,0.0482,0.048217,0.048235,0.048252,0.048269,0.048287,0.048304,0.048322,0.048339,0.048356,0.048374,0.048391,0.048408,0.048426,0.048443,0.04846,0.048478,0.048495,0.048512,0.04853,0.048547,0.048565,0.048582,0.048599,0.048617,0.048634,0.048651,0.048669,0.048686,0.048703,0.048721,0.048738,0.048755,0.048773,0.04879,0.048808,0.048825,0.048842,0.04886,0.048877,0.048894,0.048912,0.048929,0.048946,0.048964,0.048981,0.048998,0.049016,0.049033,0.049051,0.049068,0.049085,0.049103,0.04912,0.049137,0.049155,0.049172,0.049189,0.049207,0.049224,0.049241,0.049259,0.049276,0.049294,0.049311,0.049328,0.049346,0.049363,0.04938,0.049398,0.049415,0.049432,0.04945,0.049467,0.049484,0.049502,0.049519,0.049537,0.049554,0.049571,0.049589,0.049606,0.049623,0.049641,0.049658,0.049675,0.049693,0.04971,0.049727,0.049745,0.049762,0.04978,0.049797,0.049814,0.049832,0.049849,0.049866,0.049884,0.049901,0.049918,0.049936,0.049953,0.04997,0.049988,0.050005,0.050023,0.05004,0.050057,0.050075,0.050092,0.050109,0.050127,0.050144,0.050161,0.050179,0.050196,0.050213,0.050231,0.050248,0.050266,0.050283,0.0503,0.050318,0.050335,0.050352,0.05037,0.050387,0.050404,0.050422,0.050439,0.050456,0.050474,0.050491,0.050508,0.050526,0.050543,0.050561,0.050578,0.050595,0.050613,0.05063,0.050647,0.050665,0.050682,0.050699,0.050717,0.050734,0.050751,0.050769,0.050786,0.050804,0.050821,0.050838,0.050856,0.050873,0.05089,0.050908,0.050925,0.050942,0.05096,0.050977,0.050994,0.051012,0.051029,0.051047,0.051064,0.051081,0.051099,0.051116,0.051133,0.051151,0.051168,0.051185,0.051203,0.05122,0.051237,0.051255,0.051272,0.05129,0.051307,0.051324,0.051342,0.051359,0.051376,0.051394,0.051411,0.051428,0.051446,0.051463,0.05148,0.051498,0.051515,0.051533,0.05155,0.051567,0.051585,0.051602,0.051619,0.051637,0.051654,0.051671,0.051689,0.051706,0.051723,0.051741,0.051758,0.051776,0.051793,0.05181,0.051828,0.051845,0.051862,0.05188,0.051897,0.051914,0.051932,0.051949,0.051966,0.051984,0.052001,0.052019,0.052036,0.052053,0.052071,0.052088,0.052105,0.052123,0.05214,0.052157,0.052175,0.052192,0.052209,0.052227,0.052244,0.052262,0.052279,0.052296,0.052314,0.052331,0.052348,0.052366,0.052383,0.0524,0.052418,0.052435,0.052452,0.05247,0.052487,0.052505,0.052522,0.052539,0.052557,0.052574,0.052591,0.052609,0.052626,0.052643,0.052661,0.052678,0.052695,0.052713,0.05273,0.052748,0.052765,0.052782,0.0528,0.052817,0.052834,0.052852,0.052869,0.052886,0.052904,0.052921,0.052938,0.052956,0.052973,0.052991,0.053008,0.053025,0.053043,0.05306,0.053077,0.053095,0.053112,0.053129,0.053147,0.053164,0.053181,0.053199,0.053216,0.053234,0.053251,0.053268,0.053286,0.053303,0.05332,0.053338,0.053355,0.053372,0.05339,0.053407,0.053424,0.053442,0.053459,0.053477,0.053494,0.053511,0.053529,0.053546,0.053563,0.053581,0.053598,0.053615,0.053633,0.05365,0.053667,0.053685,0.053702,0.05372,0.053737,0.053754,0.053772,0.053789,0.053806,0.053824,0.053841,0.053858,0.053876,0.053893,0.05391,0.053928,0.053945,0.053963,0.05398,0.053997,0.054015,0.054032,0.054049,0.054067,0.054084,0.054101,0.054119,0.054136,0.054153,0.054171,0.054188,0.054206,0.054223,0.05424,0.054258,0.054275,0.054292,0.05431,0.054327,0.054344,0.054362,0.054379,0.054396,0.054414,0.054431,0.054449,0.054466,0.054483,0.054501,0.054518,0.054535,0.054553,0.05457,0.054587,0.054605,0.054622,0.054639,0.054657,0.054674,0.054692,0.054709,0.054726,0.054744,0.054761,0.054778,0.054796,0.054813,0.05483,0.054848,0.054865,0.054882,0.0549,0.054917,0.054935,0.054952,0.054969,0.054987,0.055004,0.055021,0.055039,0.055056,0.055073,0.055091,0.055108,0.055125,0.055143,0.05516,0.055177,0.055195,0.055212,0.05523,0.055247,0.055264,0.055282,0.055299,0.055316,0.055334,0.055351,0.055368,0.055386,0.055403,0.05542,0.055438,0.055455,0.055473,0.05549,0.055507,0.055525,0.055542,0.055559,0.055577,0.055594,0.055611,0.055629,0.055646,0.055663,0.055681,0.055698,0.055716,0.055733,0.05575,0.055768,0.055785,0.055802,0.05582,0.055837,0.055854,0.055872,0.055889,0.055906,0.055924,0.055941,0.055959,0.055976,0.055993,0.056011,0.056028,0.056045,0.056063,0.05608,0.056097,0.056115,0.056132,0.056149,0.056167,0.056184,0.056202,0.056219,0.056236,0.056254,0.056271,0.056288,0.056306,0.056323,0.05634,0.056358,0.056375,0.056392,0.05641,0.056427,0.056445,0.056462,0.056479,0.056497,0.056514,0.056531,0.056549,0.056566,0.056583,0.056601,0.056618,0.056635,0.056653,0.05667,0.056688,0.056705,0.056722,0.05674,0.056757,0.056774,0.056792,0.056809,0.056826,0.056844,0.056861,0.056878,0.056896,0.056913,0.056931,0.056948,0.056965,0.056983,0.057,0.057017,0.057035,0.057052,0.057069,0.057087,0.057104,0.057121,0.057139,0.057156,0.057174,0.057191,0.057208,0.057226,0.057243,0.05726,0.057278,0.057295,0.057312,0.05733,0.057347,0.057364,0.057382,0.057399,0.057417,0.057434,0.057451,0.057469,0.057486,0.057503,0.057521,0.057538,0.057555,0.057573,0.05759,0.057607,0.057625,0.057642,0.05766,0.057677,0.057694,0.057712,0.057729,0.057746,0.057764,0.057781,0.057798,0.057816,0.057833,0.05785,0.057868,0.057885,0.057903,0.05792,0.057937,0.057955,0.057972,0.057989,0.058007,0.058024,0.058041,0.058059,0.058076,0.058093,0.058111,0.058128,0.058146,0.058163,0.05818,0.058198,0.058215,0.058232,0.05825,0.058267,0.058284,0.058302,0.058319,0.058336,0.058354,0.058371,0.058389,0.058406,0.058423,0.058441,0.058458,0.058475,0.058493,0.05851,0.058527,0.058545,0.058562,0.058579,0.058597,0.058614,0.058632,0.058649,0.058666,0.058684,0.058701,0.058718,0.058736,0.058753,0.05877,0.058788,0.058805,0.058822,0.05884,0.058857,0.058875,0.058892,0.058909,0.058927,0.058944,0.058961,0.058979,0.058996,0.059013,0.059031,0.059048,0.059065,0.059083,0.0591,0.059118,0.059135,0.059152,0.05917,0.059187,0.059204,0.059222,0.059239,0.059256,0.059274,0.059291,0.059308,0.059326,0.059343,0.059361,0.059378,0.059395,0.059413,0.05943,0.059447,0.059465,0.059482,0.059499,0.059517,0.059534,0.059551,0.059569,0.059586,0.059604,0.059621,0.059638,0.059656,0.059673,0.05969,0.059708,0.059725,0.059742,0.05976,0.059777,0.059794,0.059812,0.059829,0.059846,0.059864,0.059881,0.059899,0.059916,0.059933,0.059951,0.059968,0.059985,0.060003,0.06002,0.060037,0.060055,0.060072,0.060089,0.060107,0.060124,0.060142,0.060159,0.060176,0.060194,0.060211,0.060228,0.060246,0.060263,0.06028,0.060298,0.060315,0.060332,0.06035,0.060367,0.060385,0.060402,0.060419,0.060437,0.060454,0.060471,0.060489,0.060506,0.060523,0.060541,0.060558,0.060575,0.060593,0.06061,0.060628,0.060645,0.060662,0.06068,0.060697,0.060714,0.060732,0.060749,0.060766,0.060784,0.060801,0.060818,0.060836,0.060853,0.060871,0.060888,0.060905,0.060923,0.06094,0.060957,0.060975,0.060992,0.061009,0.061027,0.061044,0.061061,0.061079,0.061096,0.061114,0.061131,0.061148,0.061166,0.061183,0.0612,0.061218,0.061235,0.061252,0.06127,0.061287,0.061304,0.061322,0.061339,0.061357,0.061374,0.061391,0.061409,0.061426,0.061443,0.061461,0.061478,0.061495,0.061513,0.06153,0.061547,0.061565,0.061582,0.0616,0.061617,0.061634,0.061652,0.061669,0.061686,0.061704,0.061721,0.061738,0.061756,0.061773,0.06179,0.061808,0.061825,0.061843,0.06186,0.061877,0.061895,0.061912,0.061929,0.061947,0.061964,0.061981,0.061999,0.062016,0.062033,0.062051,0.062068,0.062086,0.062103,0.06212,0.062138,0.062155,0.062172,0.06219,0.062207,0.062224,0.062242,0.062259,0.062276,0.062294,0.062311,0.062329,0.062346,0.062363,0.062381,0.062398,0.062415,0.062433,0.06245,0.062467,0.062485,0.062502,0.062519,0.062537,0.062554,0.062572,0.062589,0.062606,0.062624,0.062641,0.062658,0.062676,0.062693,0.06271,0.062728,0.062745,0.062762,0.06278,0.062797,0.062815,0.062832,0.062849,0.062867,0.062884,0.062901,0.062919,0.062936,0.062953,0.062971,0.062988,0.063005,0.063023,0.06304,0.063058,0.063075,0.063092,0.06311,0.063127,0.063144,0.063162,0.063179,0.063196,0.063214,0.063231,0.063248,0.063266,0.063283,0.063301,0.063318,0.063335,0.063353,0.06337,0.063387,0.063405,0.063422,0.063439,0.063457,0.063474,0.063491,0.063509,0.063526,0.063544,0.063561,0.063578,0.063596,0.063613,0.06363,0.063648,0.063665,0.063682,0.0637,0.063717,0.063734,0.063752,0.063769,0.063787,0.063804,0.063821,0.063839,0.063856,0.063873,0.063891,0.063908,0.063925,0.063943,0.06396,0.063977,0.063995,0.064012,0.06403,0.064047,0.064064,0.064082,0.064099,0.064116,0.064134,0.064151,0.064168,0.064186,0.064203,0.06422,0.064238,0.064255,0.064272,0.06429,0.064307,0.064325,0.064342,0.064359,0.064377,0.064394,0.064411,0.064429,0.064446,0.064463,0.064481,0.064498,0.064515,0.064533,0.06455,0.064568,0.064585,0.064602,0.06462,0.064637,0.064654,0.064672,0.064689,0.064706,0.064724,0.064741,0.064758,0.064776,0.064793,0.064811,0.064828,0.064845,0.064863,0.06488,0.064897,0.064915,0.064932,0.064949,0.064967,0.064984,0.065001,0.065019,0.065036,0.065054,0.065071,0.065088,0.065106,0.065123,0.06514,0.065158,0.065175,0.065192,0.06521,0.065227,0.065244,0.065262,0.065279,0.065297,0.065314,0.065331,0.065349,0.065366,0.065383,0.065401,0.065418,0.065435,0.065453,0.06547,0.065487,0.065505,0.065522,0.06554,0.065557,0.065574,0.065592,0.065609,0.065626,0.065644,0.065661,0.065678,0.065696,0.065713,0.06573,0.065748,0.065765,0.065783,0.0658,0.065817,0.065835,0.065852,0.065869,0.065887,0.065904,0.065921,0.065939,0.065956,0.065973,0.065991,0.066008,0.066026,0.066043,0.06606,0.066078,0.066095,0.066112,0.06613,0.066147,0.066164,0.066182,0.066199,0.066216,0.066234,0.066251,0.066269,0.066286,0.066303,0.066321,0.066338,0.066355,0.066373,0.06639,0.066407,0.066425,0.066442,0.066459,0.066477,0.066494,0.066512,0.066529,0.066546,0.066564,0.066581,0.066598,0.066616,0.066633,0.06665,0.066668,0.066685,0.066702,0.06672,0.066737,0.066755,0.066772,0.066789,0.066807,0.066824,0.066841,0.066859,0.066876,0.066893,0.066911,0.066928,0.066945,0.066963,0.06698,0.066998,0.067015,0.067032,0.06705,0.067067,0.067084,0.067102,0.067119,0.067136,0.067154,0.067171,0.067188,0.067206,0.067223,0.067241,0.067258,0.067275,0.067293,0.06731,0.067327,0.067345,0.067362,0.067379,0.067397,0.067414,0.067431,0.067449,0.067466,0.067484,0.067501,0.067518,0.067536,0.067553,0.06757,0.067588,0.067605,0.067622,0.06764,0.067657,0.067674,0.067692,0.067709,0.067727,0.067744,0.067761,0.067779,0.067796,0.067813,0.067831,0.067848,0.067865,0.067883,0.0679,0.067917,0.067935,0.067952,0.06797,0.067987,0.068004,0.068022,0.068039,0.068056,0.068074,0.068091,0.068108,0.068126,0.068143,0.06816,0.068178,0.068195,0.068213,0.06823,0.068247,0.068265,0.068282,0.068299,0.068317,0.068334,0.068351,0.068369,0.068386,0.068403,0.068421,0.068438,0.068456,0.068473,0.06849,0.068508,0.068525,0.068542,0.06856,0.068577,0.068594,0.068612,0.068629,0.068646,0.068664,0.068681,0.068699,0.068716,0.068733,0.068751,0.068768,0.068785,0.068803,0.06882,0.068837,0.068855,0.068872,0.068889,0.068907,0.068924,0.068941,0.068959,0.068976,0.068994,0.069011,0.069028,0.069046,0.069063,0.06908,0.069098,0.069115,0.069132,0.06915,0.069167,0.069184,0.069202,0.069219,0.069237,0.069254,0.069271,0.069289,0.069306,0.069323,0.069341,0.069358,0.069375,0.069393,0.06941,0.069427,0.069445,0.069462,0.06948,0.069497,0.069514,0.069532,0.069549,0.069566,0.069584,0.069601,0.069618,0.069636,0.069653,0.06967,0.069688,0.069705,0.069723,0.06974,0.069757,0.069775,0.069792,0.069809,0.069827,0.069844,0.069861,0.069879,0.069896,0.069913,0.069931,0.069948,0.069966,0.069983,0.07,0.070018,0.070035,0.070052,0.07007,0.070087,0.070104,0.070122,0.070139,0.070156,0.070174,0.070191,0.070209,0.070226,0.070243,0.070261,0.070278,0.070295,0.070313,0.07033,0.070347,0.070365,0.070382,0.070399,0.070417,0.070434,0.070452,0.070469,0.070486,0.070504,0.070521,0.070538,0.070556,0.070573,0.07059,0.070608,0.070625,0.070642,0.07066,0.070677,0.070695,0.070712,0.070729,0.070747,0.070764,0.070781,0.070799,0.070816,0.070833,0.070851,0.070868,0.070885,0.070903,0.07092,0.070938,0.070955,0.070972,0.07099,0.071007,0.071024,0.071042,0.071059,0.071076,0.071094,0.071111,0.071128,0.071146,0.071163,0.071181,0.071198,0.071215,0.071233,0.07125,0.071267,0.071285,0.071302,0.071319,0.071337,0.071354,0.071371,0.071389,0.071406,0.071424,0.071441,0.071458,0.071476,0.071493,0.07151,0.071528,0.071545,0.071562,0.07158,0.071597,0.071614,0.071632,0.071649,0.071667,0.071684,0.071701,0.071719,0.071736,0.071753,0.071771,0.071788,0.071805,0.071823,0.07184,0.071857,0.071875,0.071892,0.07191,0.071927,0.071944,0.071962,0.071979,0.071996,0.072014,0.072031,0.072048,0.072066,0.072083,0.0721,0.072118,0.072135,0.072153,0.07217,0.072187,0.072205,0.072222,0.072239,0.072257,0.072274,0.072291,0.072309,0.072326,0.072343,0.072361,0.072378,0.072396,0.072413,0.07243,0.072448,0.072465,0.072482,0.0725,0.072517,0.072534,0.072552,0.072569,0.072586,0.072604,0.072621,0.072639,0.072656,0.072673,0.072691,0.072708,0.072725,0.072743,0.07276,0.072777,0.072795,0.072812,0.072829,0.072847,0.072864,0.072882,0.072899,0.072916,0.072934,0.072951,0.072968,0.072986,0.073003,0.07302,0.073038,0.073055,0.073072,0.07309,0.073107,0.073125,0.073142,0.073159,0.073177,0.073194,0.073211,0.073229,0.073246,0.073263,0.073281,0.073298,0.073315,0.073333,0.07335,0.073368,0.073385,0.073402,0.07342,0.073437,0.073454,0.073472,0.073489,0.073506,0.073524,0.073541,0.073558,0.073576,0.073593,0.07361,0.073628,0.073645,0.073663,0.07368,0.073697,0.073715,0.073732,0.073749,0.073767,0.073784,0.073801,0.073819,0.073836,0.073853,0.073871,0.073888,0.073906,0.073923,0.07394,0.073958,0.073975,0.073992,0.07401,0.074027,0.074044,0.074062,0.074079,0.074096,0.074114,0.074131,0.074149,0.074166,0.074183,0.074201,0.074218,0.074235,0.074253,0.07427,0.074287,0.074305,0.074322,0.074339,0.074357,0.074374,0.074392,0.074409,0.074426,0.074444,0.074461,0.074478,0.074496,0.074513,0.07453,0.074548,0.074565,0.074582,0.0746,0.074617,0.074635,0.074652,0.074669,0.074687,0.074704,0.074721,0.074739,0.074756,0.074773,0.074791,0.074808,0.074825,0.074843,0.07486,0.074878,0.074895,0.074912,0.07493,0.074947,0.074964,0.074982,0.074999,0.075016,0.075034,0.075051,0.075068,0.075086,0.075103,0.075121,0.075138,0.075155,0.075173,0.07519,0.075207,0.075225,0.075242,0.075259,0.075277,0.075294,0.075311,0.075329,0.075346,0.075364,0.075381,0.075398,0.075416,0.075433,0.07545,0.075468,0.075485,0.075502,0.07552,0.075537,0.075554,0.075572,0.075589,0.075607,0.075624,0.075641,0.075659,0.075676,0.075693,0.075711,0.075728,0.075745,0.075763,0.07578,0.075797,0.075815,0.075832,0.07585,0.075867,0.075884,0.075902,0.075919,0.075936,0.075954,0.075971,0.075988,0.076006,0.076023,0.07604,0.076058,0.076075,0.076093,0.07611,0.076127,0.076145,0.076162,0.076179,0.076197,0.076214,0.076231,0.076249,0.076266,0.076283,0.076301,0.076318,0.076336,0.076353,0.07637,0.076388,0.076405,0.076422,0.07644,0.076457,0.076474,0.076492,0.076509,0.076526,0.076544,0.076561,0.076579,0.076596,0.076613,0.076631,0.076648,0.076665,0.076683,0.0767,0.076717,0.076735,0.076752,0.076769,0.076787,0.076804,0.076822,0.076839,0.076856,0.076874,0.076891,0.076908,0.076926,0.076943,0.07696,0.076978,0.076995,0.077012,0.07703,0.077047,0.077065,0.077082,0.077099,0.077117,0.077134,0.077151,0.077169,0.077186,0.077203,0.077221,0.077238,0.077255,0.077273,0.07729,0.077308,0.077325,0.077342,0.07736,0.077377,0.077394,0.077412,0.077429,0.077446,0.077464,0.077481,0.077498,0.077516,0.077533,0.077551,0.077568,0.077585,0.077603,0.07762,0.077637,0.077655,0.077672,0.077689,0.077707,0.077724,0.077741,0.077759,0.077776,0.077794,0.077811,0.077828,0.077846,0.077863,0.07788,0.077898,0.077915,0.077932,0.07795,0.077967,0.077984,0.078002,0.078019,0.078036,0.078054,0.078071,0.078089,0.078106,0.078123,0.078141,0.078158,0.078175,0.078193,0.07821,0.078227,0.078245,0.078262,0.078279,0.078297,0.078314,0.078332,0.078349,0.078366,0.078384,0.078401,0.078418,0.078436,0.078453,0.07847,0.078488,0.078505,0.078522,0.07854,0.078557,0.078575,0.078592,0.078609,0.078627,0.078644,0.078661,0.078679,0.078696,0.078713,0.078731,0.078748,0.078765,0.078783,0.0788,0.078818,0.078835,0.078852,0.07887,0.078887,0.078904,0.078922,0.078939,0.078956,0.078974,0.078991,0.079008,0.079026,0.079043,0.079061,0.079078,0.079095,0.079113,0.07913,0.079147,0.079165,0.079182,0.079199,0.079217,0.079234,0.079251,0.079269,0.079286,0.079304,0.079321,0.079338,0.079356,0.079373,0.07939,0.079408,0.079425,0.079442,0.07946,0.079477,0.079494,0.079512,0.079529,0.079547,0.079564,0.079581,0.079599,0.079616,0.079633,0.079651,0.079668,0.079685,0.079703,0.07972,0.079737,0.079755,0.079772,0.07979,0.079807,0.079824,0.079842,0.079859,0.079876,0.079894,0.079911,0.079928,0.079946,0.079963,0.07998,0.079998,0.080015,0.080033,0.08005,0.080067,0.080085,0.080102,0.080119,0.080137,0.080154,0.080171,0.080189,0.080206,0.080223,0.080241,0.080258,0.080276,0.080293,0.08031,0.080328,0.080345,0.080362,0.08038,0.080397,0.080414,0.080432,0.080449,0.080466,0.080484,0.080501,0.080519,0.080536,0.080553,0.080571,0.080588,0.080605,0.080623,0.08064,0.080657,0.080675,0.080692,0.080709,0.080727,0.080744,0.080762,0.080779,0.080796,0.080814,0.080831,0.080848,0.080866,0.080883,0.0809,0.080918,0.080935,0.080952,0.08097,0.080987,0.081005,0.081022,0.081039,0.081057,0.081074,0.081091,0.081109,0.081126,0.081143,0.081161,0.081178,0.081195,0.081213,0.08123,0.081248,0.081265,0.081282,0.0813,0.081317,0.081334,0.081352,0.081369,0.081386,0.081404,0.081421,0.081438,0.081456,0.081473,0.081491,0.081508,0.081525,0.081543,0.08156,0.081577,0.081595,0.081612,0.081629,0.081647,0.081664,0.081681,0.081699,0.081716,0.081734,0.081751,0.081768,0.081786,0.081803,0.08182,0.081838,0.081855,0.081872,0.08189,0.081907,0.081924,0.081942,0.081959,0.081977,0.081994,0.082011,0.082029,0.082046,0.082063,0.082081,0.082098,0.082115,0.082133,0.08215,0.082167,0.082185,0.082202,0.08222,0.082237,0.082254,0.082272,0.082289,0.082306,0.082324,0.082341,0.082358,0.082376,0.082393,0.08241,0.082428,0.082445,0.082463,0.08248,0.082497,0.082515,0.082532,0.082549,0.082567,0.082584,0.082601,0.082619,0.082636,0.082653,0.082671,0.082688,0.082705,0.082723,0.08274,0.082758,0.082775,0.082792,0.08281,0.082827,0.082844,0.082862,0.082879,0.082896,0.082914,0.082931,0.082948,0.082966,0.082983,0.083001,0.083018,0.083035,0.083053,0.08307,0.083087,0.083105,0.083122,0.083139,0.083157,0.083174,0.083191,0.083209,0.083226,0.083244,0.083261,0.083278,0.083296,0.083313,0.08333,0.083348,0.083365,0.083382,0.0834,0.083417,0.083434,0.083452,0.083469,0.083487,0.083504,0.083521,0.083539,0.083556,0.083573,0.083591,0.083608,0.083625,0.083643,0.08366,0.083677,0.083695,0.083712,0.08373,0.083747,0.083764,0.083782,0.083799,0.083816,0.083834,0.083851,0.083868,0.083886,0.083903,0.08392,0.083938,0.083955,0.083973,0.08399,0.084007,0.084025,0.084042,0.084059,0.084077,0.084094,0.084111,0.084129,0.084146,0.084163,0.084181,0.084198,0.084216,0.084233,0.08425,0.084268,0.084285,0.084302,0.08432,0.084337,0.084354,0.084372,0.084389,0.084406,0.084424,0.084441,0.084459,0.084476,0.084493,0.084511,0.084528,0.084545,0.084563,0.08458,0.084597,0.084615,0.084632,0.084649,0.084667,0.084684,0.084702,0.084719,0.084736,0.084754,0.084771,0.084788,0.084806,0.084823,0.08484,0.084858,0.084875,0.084892,0.08491,0.084927,0.084945,0.084962,0.084979,0.084997,0.085014,0.085031,0.085049,0.085066,0.085083,0.085101,0.085118,0.085135,0.085153,0.08517,0.085188,0.085205,0.085222,0.08524,0.085257,0.085274,0.085292,0.085309,0.085326,0.085344,0.085361,0.085378,0.085396,0.085413,0.085431,0.085448,0.085465,0.085483,0.0855,0.085517,0.085535,0.085552,0.085569,0.085587,0.085604,0.085621,0.085639,0.085656,0.085674,0.085691,0.085708,0.085726,0.085743,0.08576,0.085778,0.085795,0.085812,0.08583,0.085847,0.085864,0.085882,0.085899,0.085917,0.085934,0.085951,0.085969,0.085986,0.086003,0.086021,0.086038,0.086055,0.086073,0.08609,0.086107,0.086125,0.086142,0.08616,0.086177,0.086194,0.086212,0.086229,0.086246,0.086264,0.086281,0.086298,0.086316,0.086333,0.08635,0.086368,0.086385,0.086403,0.08642,0.086437,0.086455,0.086472,0.086489,0.086507,0.086524,0.086541,0.086559,0.086576,0.086593,0.086611,0.086628,0.086646,0.086663,0.08668,0.086698,0.086715,0.086732,0.08675,0.086767,0.086784,0.086802,0.086819,0.086836,0.086854,0.086871,0.086889,0.086906,0.086923,0.086941,0.086958,0.086975,0.086993,0.08701,0.087027,0.087045,0.087062,0.087079,0.087097,0.087114,0.087132,0.087149,0.087166,0.087184,0.087201,0.087218,0.087236,0.087253,0.08727,0.087288,0.087305,0.087322,0.08734,0.087357,0.087374,0.087392,0.087409,0.087427,0.087444,0.087461,0.087479,0.087496,0.087513,0.087531,0.087548,0.087565,0.087583,0.0876,0.087617,0.087635,0.087652,0.08767,0.087687,0.087704,0.087722,0.087739,0.087756,0.087774,0.087791,0.087808,0.087826,0.087843,0.08786,0.087878,0.087895,0.087913,0.08793,0.087947,0.087965,0.087982,0.087999,0.088017,0.088034,0.088051,0.088069,0.088086,0.088103,0.088121,0.088138,0.088156,0.088173,0.08819,0.088208,0.088225,0.088242,0.08826,0.088277,0.088294,0.088312,0.088329,0.088346,0.088364,0.088381,0.088399,0.088416,0.088433,0.088451,0.088468,0.088485,0.088503,0.08852,0.088537,0.088555,0.088572,0.088589,0.088607,0.088624,0.088642,0.088659,0.088676,0.088694,0.088711,0.088728,0.088746,0.088763,0.08878,0.088798,0.088815,0.088832,0.08885,0.088867,0.088885,0.088902,0.088919,0.088937,0.088954,0.088971,0.088989,0.089006,0.089023,0.089041,0.089058,0.089075,0.089093,0.08911,0.089128,0.089145,0.089162,0.08918,0.089197,0.089214,0.089232,0.089249,0.089266,0.089284,0.089301,0.089318,0.089336,0.089353,0.089371,0.089388,0.089405,0.089423,0.08944,0.089457,0.089475,0.089492,0.089509,0.089527,0.089544,0.089561,0.089579,0.089596,0.089614,0.089631,0.089648,0.089666,0.089683,0.0897,0.089718,0.089735,0.089752,0.08977,0.089787,0.089804,0.089822,0.089839,0.089857,0.089874,0.089891,0.089909,0.089926,0.089943,0.089961,0.089978,0.089995,0.090013,0.09003,0.090047,0.090065,0.090082,0.0901,0.090117,0.090134,0.090152,0.090169,0.090186,0.090204,0.090221,0.090238,0.090256,0.090273,0.09029,0.090308,0.090325,0.090343,0.09036,0.090377,0.090395,0.090412,0.090429,0.090447,0.090464,0.090481,0.090499,0.090516,0.090533,0.090551,0.090568,0.090586,0.090603,0.09062,0.090638,0.090655,0.090672,0.09069,0.090707,0.090724,0.090742,0.090759,0.090776,0.090794,0.090811,0.090829,0.090846,0.090863,0.090881,0.090898,0.090915,0.090933,0.09095,0.090967,0.090985,0.091002,0.091019,0.091037,0.091054,0.091072,0.091089,0.091106,0.091124,0.091141,0.091158,0.091176,0.091193,0.09121,0.091228,0.091245,0.091262,0.09128,0.091297,0.091315,0.091332,0.091349,0.091367,0.091384,0.091401,0.091419,0.091436,0.091453,0.091471,0.091488,0.091505,0.091523,0.09154,0.091558,0.091575,0.091592,0.09161,0.091627,0.091644,0.091662,0.091679,0.091696,0.091714,0.091731,0.091748,0.091766,0.091783,0.0918,0.091818,0.091835,0.091853,0.09187,0.091887,0.091905,0.091922,0.091939,0.091957,0.091974,0.091991,0.092009,0.092026,0.092043,0.092061,0.092078,0.092096,0.092113,0.09213,0.092148,0.092165,0.092182,0.0922,0.092217,0.092234,0.092252,0.092269,0.092286,0.092304,0.092321,0.092339,0.092356,0.092373,0.092391,0.092408,0.092425,0.092443,0.09246,0.092477,0.092495,0.092512,0.092529,0.092547,0.092564,0.092582,0.092599,0.092616,0.092634,0.092651,0.092668,0.092686,0.092703,0.09272,0.092738,0.092755,0.092772,0.09279,0.092807,0.092825,0.092842,0.092859,0.092877,0.092894,0.092911,0.092929,0.092946,0.092963,0.092981,0.092998,0.093015,0.093033,0.09305,0.093068,0.093085,0.093102,0.09312,0.093137,0.093154,0.093172,0.093189,0.093206,0.093224,0.093241,0.093258,0.093276,0.093293,0.093311,0.093328,0.093345,0.093363,0.09338,0.093397,0.093415,0.093432,0.093449,0.093467,0.093484,0.093501,0.093519,0.093536,0.093554,0.093571,0.093588,0.093606,0.093623,0.09364,0.093658,0.093675,0.093692,0.09371,0.093727,0.093744,0.093762,0.093779,0.093797,0.093814,0.093831,0.093849,0.093866,0.093883,0.093901,0.093918,0.093935,0.093953,0.09397,0.093987,0.094005,0.094022,0.09404,0.094057,0.094074,0.094092,0.094109,0.094126,0.094144,0.094161,0.094178,0.094196,0.094213,0.09423,0.094248,0.094265,0.094283,0.0943,0.094317,0.094335,0.094352,0.094369,0.094387,0.094404,0.094421,0.094439,0.094456,0.094473,0.094491,0.094508,0.094526,0.094543,0.09456,0.094578,0.094595,0.094612,0.09463,0.094647,0.094664,0.094682,0.094699,0.094716,0.094734,0.094751,0.094769,0.094786,0.094803,0.094821,0.094838,0.094855,0.094873,0.09489,0.094907,0.094925,0.094942,0.094959,0.094977,0.094994,0.095012,0.095029,0.095046,0.095064,0.095081,0.095098,0.095116,0.095133,0.09515,0.095168,0.095185,0.095202,0.09522,0.095237,0.095255,0.095272,0.095289,0.095307,0.095324,0.095341,0.095359,0.095376,0.095393,0.095411,0.095428,0.095445,0.095463,0.09548,0.095498,0.095515,0.095532,0.09555,0.095567,0.095584,0.095602,0.095619,0.095636,0.095654,0.095671,0.095688,0.095706,0.095723,0.095741,0.095758,0.095775,0.095793,0.09581,0.095827,0.095845,0.095862,0.095879,0.095897,0.095914,0.095931,0.095949,0.095966,0.095984,0.096001,0.096018,0.096036,0.096053,0.09607,0.096088,0.096105,0.096122,0.09614,0.096157,0.096174,0.096192,0.096209,0.096227,0.096244,0.096261,0.096279,0.096296,0.096313,0.096331,0.096348,0.096365,0.096383,0.0964,0.096417,0.096435,0.096452,0.096469,0.096487,0.096504,0.096522,0.096539,0.096556,0.096574,0.096591,0.096608,0.096626,0.096643,0.09666,0.096678,0.096695,0.096712,0.09673,0.096747,0.096765,0.096782,0.096799,0.096817,0.096834,0.096851,0.096869,0.096886,0.096903,0.096921,0.096938,0.096955,0.096973,0.09699,0.097008,0.097025,0.097042,0.09706,0.097077,0.097094,0.097112,0.097129,0.097146,0.097164,0.097181,0.097198,0.097216,0.097233,0.097251,0.097268,0.097285,0.097303,0.09732,0.097337,0.097355,0.097372,0.097389,0.097407,0.097424,0.097441,0.097459,0.097476,0.097494,0.097511,0.097528,0.097546,0.097563,0.09758,0.097598,0.097615,0.097632,0.09765,0.097667,0.097684,0.097702,0.097719,0.097737,0.097754,0.097771,0.097789,0.097806,0.097823,0.097841,0.097858,0.097875,0.097893,0.09791,0.097927,0.097945,0.097962,0.09798,0.097997,0.098014,0.098032,0.098049,0.098066,0.098084,0.098101,0.098118,0.098136,0.098153,0.09817,0.098188,0.098205,0.098223,0.09824,0.098257,0.098275,0.098292,0.098309,0.098327,0.098344,0.098361,0.098379,0.098396,0.098413,0.098431,0.098448,0.098466,0.098483,0.0985,0.098518,0.098535,0.098552,0.09857,0.098587,0.098604,0.098622,0.098639,0.098656,0.098674,0.098691,0.098709,0.098726,0.098743,0.098761,0.098778,0.098795,0.098813,0.09883,0.098847,0.098865,0.098882,0.098899,0.098917,0.098934,0.098952,0.098969,0.098986,0.099004,0.099021,0.099038,0.099056,0.099073,0.09909,0.099108,0.099125,0.099142,0.09916,0.099177,0.099195,0.099212,0.099229,0.099247,0.099264,0.099281,0.099299,0.099316,0.099333,0.099351,0.099368,0.099385,0.099403,0.09942,0.099438,0.099455,0.099472,0.09949,0.099507,0.099524,0.099542,0.099559,0.099576,0.099594,0.099611,0.099628,0.099646,0.099663,0.099681,0.099698,0.099715,0.099733,0.09975,0.099767,0.099785,0.099802,0.099819,0.099837,0.099854,0.099871,0.099889,0.099906,0.099924,0.099941,0.099958,0.099976,0.099993,0.10001,0.10003,0.10005,0.10006,0.10008,0.1001,0.10011,0.10013,0.10015,0.10017,0.10018,0.1002,0.10022,0.10024,0.10025,0.10027,0.10029,0.10031,0.10032,0.10034,0.10036,0.10037,0.10039,0.10041,0.10043,0.10044,0.10046,0.10048,0.1005,0.10051,0.10053,0.10055,0.10057,0.10058,0.1006,0.10062,0.10064,0.10065,0.10067,0.10069,0.1007,0.10072,0.10074,0.10076,0.10077,0.10079,0.10081,0.10083,0.10084,0.10086,0.10088,0.1009,0.10091,0.10093,0.10095,0.10096,0.10098,0.101,0.10102,0.10103,0.10105,0.10107,0.10109,0.1011,0.10112,0.10114,0.10116,0.10117,0.10119,0.10121,0.10123,0.10124,0.10126,0.10128,0.10129,0.10131,0.10133,0.10135,0.10136,0.10138,0.1014,0.10142,0.10143,0.10145,0.10147,0.10149,0.1015,0.10152,0.10154,0.10156,0.10157,0.10159,0.10161,0.10162,0.10164,0.10166,0.10168,0.10169,0.10171,0.10173,0.10175,0.10176,0.10178,0.1018,0.10182,0.10183,0.10185,0.10187,0.10188,0.1019,0.10192,0.10194,0.10195,0.10197,0.10199,0.10201,0.10202,0.10204,0.10206,0.10208,0.10209,0.10211,0.10213,0.10215,0.10216,0.10218,0.1022,0.10221,0.10223,0.10225,0.10227,0.10228,0.1023,0.10232,0.10234,0.10235,0.10237,0.10239,0.10241,0.10242,0.10244,0.10246,0.10247,0.10249,0.10251,0.10253,0.10254,0.10256,0.10258,0.1026,0.10261,0.10263,0.10265,0.10267,0.10268,0.1027,0.10272,0.10274,0.10275,0.10277,0.10279,0.1028,0.10282,0.10284,0.10286,0.10287,0.10289,0.10291,0.10293,0.10294,0.10296,0.10298,0.103,0.10301,0.10303,0.10305,0.10307,0.10308,0.1031,0.10312,0.10313,0.10315,0.10317,0.10319,0.1032,0.10322,0.10324,0.10326,0.10327,0.10329,0.10331,0.10333,0.10334,0.10336,0.10338,0.10339,0.10341,0.10343,0.10345,0.10346,0.10348,0.1035,0.10352,0.10353,0.10355,0.10357,0.10359,0.1036,0.10362,0.10364,0.10366,0.10367,0.10369,0.10371,0.10372,0.10374,0.10376,0.10378,0.10379,0.10381,0.10383,0.10385,0.10386,0.10388,0.1039,0.10392,0.10393,0.10395,0.10397,0.10399,0.104,0.10402,0.10404,0.10405,0.10407,0.10409,0.10411,0.10412,0.10414,0.10416,0.10418,0.10419,0.10421,0.10423,0.10425,0.10426,0.10428,0.1043,0.10431,0.10433,0.10435,0.10437,0.10438,0.1044,0.10442,0.10444,0.10445,0.10447,0.10449,0.10451,0.10452,0.10454,0.10456,0.10458,0.10459,0.10461,0.10463,0.10464,0.10466,0.10468,0.1047,0.10471,0.10473,0.10475,0.10477,0.10478,0.1048,0.10482,0.10484,0.10485,0.10487,0.10489,0.1049,0.10492,0.10494,0.10496,0.10497,0.10499,0.10501,0.10503,0.10504,0.10506,0.10508,0.1051,0.10511,0.10513,0.10515,0.10517,0.10518,0.1052,0.10522,0.10523,0.10525,0.10527,0.10529,0.1053,0.10532,0.10534,0.10536,0.10537,0.10539,0.10541,0.10543,0.10544,0.10546,0.10548,0.1055,0.10551,0.10553,0.10555,0.10556,0.10558,0.1056,0.10562,0.10563,0.10565,0.10567,0.10569,0.1057,0.10572,0.10574,0.10576,0.10577,0.10579,0.10581,0.10582,0.10584,0.10586,0.10588,0.10589,0.10591,0.10593,0.10595,0.10596,0.10598,0.106,0.10602,0.10603,0.10605,0.10607,0.10609,0.1061,0.10612,0.10614,0.10615,0.10617,0.10619,0.10621,0.10622,0.10624,0.10626,0.10628,0.10629,0.10631,0.10633,0.10635,0.10636,0.10638,0.1064,0.10641,0.10643,0.10645,0.10647,0.10648,0.1065,0.10652,0.10654,0.10655,0.10657,0.10659,0.10661,0.10662,0.10664,0.10666,0.10668,0.10669,0.10671,0.10673,0.10674,0.10676,0.10678,0.1068,0.10681,0.10683,0.10685,0.10687,0.10688,0.1069,0.10692,0.10694,0.10695,0.10697,0.10699,0.10701,0.10702,0.10704,0.10706,0.10707,0.10709,0.10711,0.10713,0.10714,0.10716,0.10718,0.1072,0.10721,0.10723,0.10725,0.10727,0.10728,0.1073,0.10732,0.10733,0.10735,0.10737,0.10739,0.1074,0.10742,0.10744,0.10746,0.10747,0.10749,0.10751,0.10753,0.10754,0.10756,0.10758,0.1076,0.10761,0.10763,0.10765,0.10766,0.10768,0.1077,0.10772,0.10773,0.10775,0.10777,0.10779,0.1078,0.10782,0.10784,0.10786,0.10787,0.10789,0.10791,0.10793,0.10794,0.10796,0.10798,0.10799,0.10801,0.10803,0.10805,0.10806,0.10808,0.1081,0.10812,0.10813,0.10815,0.10817,0.10819,0.1082,0.10822,0.10824,0.10825,0.10827,0.10829,0.10831,0.10832,0.10834,0.10836,0.10838,0.10839,0.10841,0.10843,0.10845,0.10846,0.10848,0.1085,0.10852,0.10853,0.10855,0.10857,0.10858,0.1086,0.10862,0.10864,0.10865,0.10867,0.10869,0.10871,0.10872,0.10874,0.10876,0.10878,0.10879,0.10881,0.10883,0.10884,0.10886,0.10888,0.1089,0.10891,0.10893,0.10895,0.10897,0.10898,0.109,0.10902,0.10904,0.10905,0.10907,0.10909,0.10911,0.10912,0.10914,0.10916,0.10917,0.10919,0.10921,0.10923,0.10924,0.10926,0.10928,0.1093,0.10931,0.10933,0.10935,0.10937,0.10938,0.1094,0.10942,0.10944,0.10945,0.10947,0.10949,0.1095,0.10952,0.10954,0.10956,0.10957,0.10959,0.10961,0.10963,0.10964,0.10966,0.10968,0.1097,0.10971,0.10973,0.10975,0.10976,0.10978,0.1098,0.10982,0.10983,0.10985,0.10987,0.10989,0.1099,0.10992,0.10994,0.10996,0.10997,0.10999,0.11001,0.11003,0.11004,0.11006,0.11008,0.11009,0.11011,0.11013,0.11015,0.11016,0.11018,0.1102,0.11022,0.11023,0.11025,0.11027,0.11029,0.1103,0.11032,0.11034,0.11035,0.11037,0.11039,0.11041,0.11042,0.11044,0.11046,0.11048,0.11049,0.11051,0.11053,0.11055,0.11056,0.11058,0.1106,0.11062,0.11063,0.11065,0.11067,0.11068,0.1107,0.11072,0.11074,0.11075,0.11077,0.11079,0.11081,0.11082,0.11084,0.11086,0.11088,0.11089,0.11091,0.11093,0.11095,0.11096,0.11098,0.111,0.11101,0.11103,0.11105,0.11107,0.11108,0.1111,0.11112,0.11114,0.11115,0.11117,0.11119,0.11121,0.11122,0.11124,0.11126,0.11127,0.11129,0.11131,0.11133,0.11134,0.11136,0.11138,0.1114,0.11141,0.11143,0.11145,0.11147,0.11148,0.1115,0.11152,0.11154,0.11155,0.11157,0.11159,0.1116,0.11162,0.11164,0.11166,0.11167,0.11169,0.11171,0.11173,0.11174,0.11176,0.11178,0.1118,0.11181,0.11183,0.11185,0.11187,0.11188,0.1119,0.11192,0.11193,0.11195,0.11197,0.11199,0.112,0.11202,0.11204,0.11206,0.11207,0.11209,0.11211,0.11213,0.11214,0.11216,0.11218,0.11219,0.11221,0.11223,0.11225,0.11226,0.11228,0.1123,0.11232,0.11233,0.11235,0.11237,0.11239,0.1124,0.11242,0.11244,0.11246,0.11247,0.11249,0.11251,0.11252,0.11254,0.11256,0.11258,0.11259,0.11261,0.11263,0.11265,0.11266,0.11268,0.1127,0.11272,0.11273,0.11275,0.11277,0.11278,0.1128,0.11282,0.11284,0.11285,0.11287,0.11289,0.11291,0.11292,0.11294,0.11296,0.11298,0.11299,0.11301,0.11303,0.11305,0.11306,0.11308,0.1131,0.11311,0.11313,0.11315,0.11317,0.11318,0.1132,0.11322,0.11324,0.11325,0.11327,0.11329,0.11331,0.11332,0.11334,0.11336,0.11338,0.11339,0.11341,0.11343,0.11344,0.11346,0.11348,0.1135,0.11351,0.11353,0.11355,0.11357,0.11358,0.1136,0.11362,0.11364,0.11365,0.11367,0.11369,0.1137,0.11372,0.11374,0.11376,0.11377,0.11379,0.11381,0.11383,0.11384,0.11386,0.11388,0.1139,0.11391,0.11393,0.11395,0.11397,0.11398,0.114,0.11402,0.11403,0.11405,0.11407,0.11409,0.1141,0.11412,0.11414,0.11416,0.11417,0.11419,0.11421,0.11423,0.11424,0.11426,0.11428,0.1143,0.11431,0.11433,0.11435,0.11436,0.11438,0.1144,0.11442,0.11443,0.11445,0.11447,0.11449,0.1145,0.11452,0.11454,0.11456,0.11457,0.11459,0.11461,0.11462,0.11464,0.11466,0.11468,0.11469,0.11471,0.11473,0.11475,0.11476,0.11478,0.1148,0.11482,0.11483,0.11485,0.11487,0.11489,0.1149,0.11492,0.11494,0.11495,0.11497,0.11499,0.11501,0.11502,0.11504,0.11506,0.11508,0.11509,0.11511,0.11513,0.11515,0.11516,0.11518,0.1152,0.11521,0.11523,0.11525,0.11527,0.11528,0.1153,0.11532,0.11534,0.11535,0.11537,0.11539,0.11541,0.11542,0.11544,0.11546,0.11548,0.11549,0.11551,0.11553,0.11554,0.11556,0.11558,0.1156,0.11561,0.11563,0.11565,0.11567,0.11568,0.1157,0.11572,0.11574