-72.414,-72.414,-72.413,-72.413,-72.413,-72.412,-72.411,-72.411,-72.41,-72.409,-72.408,-72.407,-72.406,-72.405,-72.404,-72.403,-72.401,-72.4,-72.399,-72.397,-72.396,-72.394,-72.392,-72.391,-72.389,-72.387,-72.385,-72.383,-72.381,-72.379,-72.377,-72.375,-72.373,-72.371,-72.369,-72.366,-72.364,-72.362,-72.359,-72.357,-72.354,-72.352,-72.349,-72.346,-72.344,-72.341,-72.338,-72.335,-72.333,-72.33,-72.327,-72.324,-72.321,-72.318,-72.315,-72.312,-72.308,-72.305,-72.302,-72.299,-72.296,-72.292,-72.289,-72.285,-72.282,-72.279,-72.275,-72.272,-72.268,-72.264,-72.261,-72.257,-72.253,-72.25,-72.246,-72.242,-72.238,-72.234,-72.231,-72.227,-72.223,-72.219,-72.215,-72.211,-72.207,-72.203,-72.199,-72.194,-72.19,-72.186,-72.182,-72.178,-72.173,-72.169,-72.165,-72.161,-72.156,-72.152,-72.147,-72.143,-72.138,-72.134,-72.129,-72.125,-72.12,-72.116,-72.111,-72.107,-72.102,-72.097,-72.093,-72.088,-72.083,-72.078,-72.074,-72.069,-72.064,-72.059,-72.054,-72.05,-72.045,-72.04,-72.035,-72.03,-72.025,-72.02,-72.015,-72.01,-72.005,-72.0,-71.995,-71.99,-71.985,-71.979,-71.974,-71.969,-71.964,-71.959,-71.954,-71.948,-71.943,-71.938,-71.933,-71.927,-71.922,-71.917,-71.911,-71.906,-71.901,-71.895,-71.89,-71.884,-71.879,-71.874,-71.868,-71.863,-71.857,-71.852,-71.846,-71.841,-71.835,-71.83,-71.824,-71.819,-71.813,-71.807,-71.802,-71.796,-71.791,-71.785,-71.779,-71.774,-71.768,-71.762,-71.757,-71.751,-71.745,-71.739,-71.734,-71.728,-71.722,-71.716,-71.711,-71.705,-71.699,-71.693,-71.688,-71.682,-71.676,-71.67,-71.664,-71.658,-71.653,-71.647,-71.641,-71.635,-71.629,-71.623,-71.617,-71.611,-71.605,-71.599,-71.594,-71.588,-71.582,-71.576,-71.57,-71.564,-71.558,-71.552,-71.546,-71.54,-71.534,-71.528,-71.522,-71.516,-71.51,-71.504,-71.498,-71.492,-71.486,-71.479,-71.473,-71.467,-71.461,-71.455,-71.449,-71.443,-71.437,-71.431,-71.425,-71.419,-71.413,-71.406,-71.4,-71.394,-71.388,-71.382,-71.376,-71.37,-71.364,-71.357,-71.351,-71.345,-71.339,-71.333,-71.327,-71.32,-71.314,-71.308,-71.302,-71.296,-71.29,-71.283,-71.277,-71.271,-71.265,-71.259,-71.252,-71.246,-71.24,-71.234,-71.228,-71.221,-71.215,-71.209,-71.203,-71.197,-71.19,-71.184,-71.178,-71.172,-71.165,-71.159,-71.153,-71.147,-71.14,-71.134,-71.128,-71.122,-71.116,-71.109,-71.103,-71.097,-71.091,-71.084,-71.078,-71.072,-71.066,-71.059,-71.053,-71.047,-71.041,-71.034,-71.028,-71.022,-71.016,-71.009,-71.003,-70.997,-70.991,-70.984,-70.978,-70.972,-70.966,-70.959,-70.953,-70.947,-70.941,-70.934,-70.928,-70.922,-70.916,-70.909,-70.903,-70.897,-70.891,-70.885,-70.878,-70.872,-70.866,-70.86,-70.853,-70.847,-70.841,-70.835,-70.828,-70.822,-70.816,-70.809,-70.803,-70.797,-70.791,-70.784,-70.778,-70.772,-70.766,-70.759,-70.753,-70.747,-70.741,-70.734,-70.728,-70.722,-70.716,-70.71,-70.703,-70.697,-70.691,-70.685,-70.678,-70.672,-70.666,-70.66,-70.654,-70.647,-70.641,-70.635,-70.629,-70.623,-70.616,-70.61,-70.604,-70.598,-70.592,-70.585,-70.579,-70.573,-70.567,-70.561,-70.554,-70.548,-70.542,-70.536,-70.53,-70.524,-70.517,-70.511,-70.505,-70.499,-70.493,-70.487,-70.48,-70.474,-70.468,-70.462,-70.456,-70.45,-70.443,-70.437,-70.431,-70.425,-70.419,-70.413,-70.407,-70.4,-70.394,-70.388,-70.382,-70.376,-70.37,-70.364,-70.358,-70.352,-70.345,-70.339,-70.333,-70.327,-70.321,-70.315,-70.309,-70.303,-70.297,-70.291,-70.284,-70.278,-70.272,-70.266,-70.26,-70.254,-70.248,-70.242,-70.236,-70.23,-70.224,-70.218,-70.212,-70.206,-70.199,-70.193,-70.187,-70.181,-70.175,-70.169,-70.163,-70.157,-70.151,-70.145,-70.139,-70.133,-70.127,-70.121,-70.115,-70.109,-70.103,-70.097,-70.091,-70.085,-70.079,-70.073,-70.067,-70.061,-70.055,-70.049,-70.043,-70.037,-70.031,-70.025,-70.019,-70.013,-70.007,-70.001,-69.995,-69.989,-69.983,-69.978,-69.972,-69.966,-69.96,-69.954,-69.948,-69.942,-69.936,-69.93,-69.924,-69.918,-69.912,-69.906,-69.901,-69.895,-69.889,-69.883,-69.877,-69.871,-69.865,-69.859,-69.853,-69.847,-69.842,-69.836,-69.83,-69.824,-69.818,-69.812,-69.806,-69.8,-69.795,-69.789,-69.783,-69.777,-69.771,-69.765,-69.76,-69.754,-69.748,-69.742,-69.736,-69.73,-69.725,-69.719,-69.713,-69.707,-69.701,-69.695,-69.69,-69.684,-69.678,-69.672,-69.666,-69.661,-69.655,-69.649,-69.643,-69.638,-69.632,-69.626,-69.62,-69.614,-69.609,-69.603,-69.597,-69.591,-69.586,-69.58,-69.574,-69.568,-69.563,-69.557,-69.551,-69.545,-69.54,-69.534,-69.528,-69.523,-69.517,-69.511,-69.505,-69.5,-69.494,-69.488,-69.483,-69.477,-69.471,-69.465,-69.46,-69.454,-69.448,-69.443,-69.437,-69.431,-69.426,-69.42,-69.414,-69.409,-69.403,-69.397,-69.392,-69.386,-69.38,-69.375,-69.369,-69.363,-69.358,-69.352,-69.347,-69.341,-69.335,-69.33,-69.324,-69.318,-69.313,-69.307,-69.301,-69.296,-69.29,-69.285,-69.279,-69.273,-69.268,-69.262,-69.257,-69.251,-69.246,-69.24,-69.234,-69.229,-69.223,-69.218,-69.212,-69.206,-69.201,-69.195,-69.19,-69.184,-69.179,-69.173,-69.168,-69.162,-69.157,-69.151,-69.145,-69.14,-69.134,-69.129,-69.123,-69.118,-69.112,-69.107,-69.102,-69.096,-69.09,-69.085,-69.079,-69.074,-69.068,-69.063,-69.057,-69.052,-69.046,-69.041,-69.035,-69.03,-69.024,-69.019,-69.014,-69.008,-69.003,-68.997,-68.992,-68.986,-68.981,-68.975,-68.97,-68.964,-68.959,-68.953,-68.948,-68.943,-68.937,-68.932,-68.926,-68.921,-68.915,-68.91,-68.905,-68.899,-68.894,-68.888,-68.883,-68.877,-68.872,-68.867,-68.861,-68.856,-68.85,-68.845,-68.84,-68.834,-68.829,-68.823,-68.818,-68.813,-68.807,-68.802,-68.797,-68.791,-68.786,-68.78,-68.775,-68.77,-68.764,-68.759,-68.754,-68.748,-68.743,-68.738,-68.732,-68.727,-68.722,-68.716,-68.711,-68.706,-68.7,-68.695,-68.69,-68.684,-68.679,-68.674,-68.669,-68.663,-68.658,-68.653,-68.647,-68.642,-68.637,-68.631,-68.626,-68.621,-68.615,-68.61,-68.605,-68.6,-68.594,-68.589,-68.584,-68.578,-68.573,-68.568,-68.563,-68.557,-68.552,-68.547,-68.542,-68.536,-68.531,-68.526,-68.521,-68.515,-68.51,-68.505,-68.5,-68.494,-68.489,-68.484,-68.479,-68.474,-68.468,-68.463,-68.458,-68.453,-68.447,-68.442,-68.437,-68.432,-68.427,-68.421,-68.416,-68.411,-68.406,-68.401,-68.395,-68.39,-68.385,-68.38,-68.375,-68.369,-68.364,-68.359,-68.354,-68.349,-68.344,-68.338,-68.333,-68.328,-68.323,-68.318,-68.313,-68.307,-68.302,-68.297,-68.292,-68.287,-68.282,-68.277,-68.271,-68.266,-68.261,-68.256,-68.251,-68.246,-68.241,-68.235,-68.23,-68.225,-68.22,-68.215,-68.21,-68.205,-68.2,-68.195,-68.189,-68.184,-68.179,-68.174,-68.169,-68.164,-68.159,-68.154,-68.149,-68.144,-68.139,-68.133,-68.128,-68.123,-68.118,-68.113,-68.108,-68.103,-68.098,-68.093,-68.088,-68.083,-68.078,-68.073,-68.068,-68.063,-68.057,-68.052,-68.047,-68.042,-68.037,-68.032,-68.027,-68.022,-68.017,-68.012,-68.007,-68.002,-67.997,-67.992,-67.987,-67.982,-67.977,-67.972,-67.967,-67.962,-67.957,-67.952,-67.947,-67.942,-67.937,-67.932,-67.927,-67.922,-67.917,-67.912,-67.907,-67.902,-67.897,-67.892,-67.887,-67.882,-67.877,-67.872,-67.867,-67.862,-67.857,-67.852,-67.847,-67.842,-67.838,-67.833,-67.828,-67.823,-67.818,-67.813,-67.808,-67.803,-67.798,-67.793,-67.788,-67.783,-67.778,-67.773,-67.768,-67.763,-67.759,-67.754,-67.749,-67.744,-67.739,-67.734,-67.729,-67.724,-67.719,-67.714,-67.709,-67.704,-67.7,-67.695,-67.69,-67.685,-67.68,-67.675,-67.67,-67.665,-67.66,-67.656,-67.651,-67.646,-67.641,-67.636,-67.631,-67.626,-67.621,-67.617,-67.612,-67.607,-67.602,-67.597,-67.592,-67.587,-67.583,-67.578,-67.573,-67.568,-67.563,-67.558,-67.553,-67.549,-67.544,-67.539,-67.534,-67.529,-67.524,-67.52,-67.515,-67.51,-67.505,-67.5,-67.496,-67.491,-67.486,-67.481,-67.476,-67.472,-67.467,-67.462,-67.457,-67.452,-67.448,-67.443,-67.438,-67.433,-67.428,-67.424,-67.419,-67.414,-67.409,-67.404,-67.4,-67.395,-67.39,-67.385,-67.381,-67.376,-67.371,-67.366,-67.361,-67.357,-67.352,-67.347,-67.342,-67.338,-67.333,-67.328,-67.323,-67.319,-67.314,-67.309,-67.304,-67.3,-67.295,-67.29,-67.286,-67.281,-67.276,-67.271,-67.267,-67.262,-67.257,-67.252,-67.248,-67.243,-67.238,-67.234,-67.229,-67.224,-67.219,-67.215,-67.21,-67.205,-67.201,-67.196,-67.191,-67.186,-67.182,-67.177,-67.172,-67.168,-67.163,-67.158,-67.154,-67.149,-67.144,-67.14,-67.135,-67.13,-67.126,-67.121,-67.116,-67.112,-67.107,-67.102,-67.098,-67.093,-67.088,-67.084,-67.079,-67.074,-67.07,-67.065,-67.06,-67.056,-67.051,-67.046,-67.042,-67.037,-67.033,-67.028,-67.023,-67.019,-67.014,-67.009,-67.005,-67.0,-66.995,-66.991,-66.986,-66.982,-66.977,-66.972,-66.968,-66.963,-66.959,-66.954,-66.949,-66.945,-66.94,-66.936,-66.931,-66.926,-66.922,-66.917,-66.913,-66.908,-66.903,-66.899,-66.894,-66.89,-66.885,-66.88,-66.876,-66.871,-66.867,-66.862,-66.858,-66.853,-66.848,-66.844,-66.839,-66.835,-66.83,-66.826,-66.821,-66.817,-66.812,-66.807,-66.803,-66.798,-66.794,-66.789,-66.785,-66.78,-66.776,-66.771,-66.767,-66.762,-66.758,-66.753,-66.749,-66.744,-66.74,-66.735,-66.731,-66.726,-66.721,-66.717,-66.713,-66.708,-66.703,-66.699,-66.694,-66.69,-66.685,-66.681,-66.676,-66.672,-66.667,-66.663,-66.658,-66.654,-66.649,-66.645,-66.641,-66.636,-66.632,-66.627,-66.623,-66.618,-66.614,-66.609,-66.605,-66.6,-66.596,-66.591,-66.587,-66.582,-66.578,-66.573,-66.569,-66.564,-66.56,-66.555,-66.551,-66.547,-66.542,-66.538,-66.533,-66.529,-66.524,-66.52,-66.516,-66.511,-66.507,-66.502,-66.498,-66.493,-66.489,-66.485,-66.48,-66.476,-66.471,-66.467,-66.462,-66.458,-66.454,-66.449,-66.445,-66.441,-66.436,-66.432,-66.427,-66.423,-66.418,-66.414,-66.41,-66.405,-66.401,-66.396,-66.392,-66.388,-66.383,-66.379,-66.374,-66.37,-66.366,-66.361,-66.357,-66.353,-66.348,-66.344,-66.339,-66.335,-66.331,-66.326,-66.322,-66.317,-66.313,-66.309,-66.304,-66.3,-66.296,-66.291,-66.287,-66.283,-66.278,-66.274,-66.27,-66.265,-66.261,-66.257,-66.252,-66.248,-66.243,-66.239,-66.235,-66.23,-66.226,-66.222,-66.217,-66.213,-66.209,-66.204,-66.2,-66.196,-66.191,-66.187,-66.183,-66.179,-66.174,-66.17,-66.166,-66.161,-66.157,-66.153,-66.148,-66.144,-66.14,-66.135,-66.131,-66.127,-66.122,-66.118,-66.114,-66.11,-66.105,-66.101,-66.097,-66.092,-66.088,-66.084,-66.08,-66.075,-66.071,-66.067,-66.063,-66.058,-66.054,-66.05,-66.045,-66.041,-66.037,-66.033,-66.028,-66.024,-66.02,-66.015,-66.011,-66.007,-66.003,-65.998,-65.994,-65.99,-65.986,-65.982,-65.977,-65.973,-65.969,-65.965,-65.961,-65.956,-65.952,-65.948,-65.943,-65.939,-65.935,-65.931,-65.927,-65.922,-65.918,-65.914,-65.91,-65.906,-65.901,-65.897,-65.893,-65.889,-65.885,-65.88,-65.876,-65.872,-65.868,-65.863,-65.859,-65.855,-65.851,-65.847,-65.842,-65.838,-65.834,-65.83,-65.826,-65.822,-65.817,-65.813,-65.809,-65.805,-65.801,-65.797,-65.792,-65.788,-65.784,-65.78,-65.776,-65.771,-65.767,-65.763,-65.759,-65.755,-65.751,-65.746,-65.742,-65.738,-65.734,-65.73,-65.726,-65.721,-65.717,-65.713,-65.709,-65.705,-65.701,-65.696,-65.692,-65.688,-65.684,-65.68,-65.676,-65.672,-65.668,-65.664,-65.659,-65.655,-65.651,-65.647,-65.643,-65.639,-65.635,-65.63,-65.626,-65.622,-65.618,-65.614,-65.61,-65.606,-65.602,-65.597,-65.593,-65.589,-65.585,-65.581,-65.577,-65.573,-65.569,-65.565,-65.561,-65.556,-65.552,-65.548,-65.544,-65.54,-65.536,-65.532,-65.528,-65.524,-65.52,-65.516,-65.512,-65.508,-65.504,-65.499,-65.495,-65.491,-65.487,-65.483,-65.479,-65.475,-65.471,-65.467,-65.463,-65.459,-65.455,-65.451,-65.447,-65.443,-65.439,-65.435,-65.43,-65.426,-65.422,-65.418,-65.414,-65.41,-65.406,-65.402,-65.398,-65.394,-65.39,-65.386,-65.382,-65.378,-65.374,-65.37,-65.366,-65.362,-65.358,-65.354,-65.349,-65.345,-65.341,-65.337,-65.333,-65.329,-65.325,-65.321,-65.317,-65.313,-65.309,-65.305,-65.301,-65.297,-65.293,-65.289,-65.285,-65.281,-65.277,-65.273,-65.269,-65.265,-65.261,-65.257,-65.253,-65.249,-65.246,-65.242,-65.238,-65.234,-65.23,-65.226,-65.222,-65.218,-65.214,-65.21,-65.206,-65.202,-65.198,-65.194,-65.19,-65.186,-65.182,-65.178,-65.174,-65.17,-65.166,-65.162,-65.158,-65.154,-65.15,-65.146,-65.142,-65.138,-65.134,-65.13,-65.126,-65.122,-65.118,-65.114,-65.11,-65.106,-65.103,-65.099,-65.095,-65.091,-65.087,-65.083,-65.079,-65.075,-65.071,-65.067,-65.063,-65.059,-65.055,-65.051,-65.048,-65.044,-65.04,-65.036,-65.032,-65.028,-65.024,-65.02,-65.016,-65.012,-65.008,-65.004,-65.001,-64.997,-64.993,-64.989,-64.985,-64.981,-64.977,-64.973,-64.969,-64.965,-64.962,-64.958,-64.954,-64.95,-64.946,-64.942,-64.938,-64.934,-64.93,-64.926,-64.923,-64.919,-64.915,-64.911,-64.907,-64.903,-64.899,-64.895,-64.892,-64.888,-64.884,-64.88,-64.876,-64.872,-64.868,-64.865,-64.861,-64.857,-64.853,-64.849,-64.845,-64.841,-64.838,-64.834,-64.83,-64.826,-64.822,-64.818,-64.815,-64.811,-64.807,-64.803,-64.799,-64.795,-64.791,-64.788,-64.784,-64.78,-64.776,-64.772,-64.768,-64.765,-64.761,-64.757,-64.753,-64.749,-64.745,-64.742,-64.738,-64.734,-64.731,-64.727,-64.723,-64.719,-64.715,-64.711,-64.708,-64.704,-64.7,-64.696,-64.692,-64.689,-64.685,-64.681,-64.677,-64.673,-64.67,-64.666,-64.662,-64.658,-64.654,-64.651,-64.647,-64.643,-64.639,-64.635,-64.632,-64.628,-64.624,-64.62,-64.616,-64.613,-64.609,-64.605,-64.601,-64.598,-64.594,-64.59,-64.586,-64.582,-64.579,-64.575,-64.571,-64.567,-64.564,-64.56,-64.556,-64.552,-64.549,-64.545,-64.541,-64.537,-64.534,-64.53,-64.526,-64.522,-64.518,-64.515,-64.511,-64.507,-64.504,-64.5,-64.496,-64.492,-64.489,-64.485,-64.481,-64.477,-64.474,-64.47,-64.466,-64.463,-64.459,-64.455,-64.451,-64.447,-64.444,-64.44,-64.436,-64.433,-64.429,-64.425,-64.421,-64.418,-64.414,-64.41,-64.406,-64.403,-64.399,-64.395,-64.392,-64.388,-64.384,-64.38,-64.377,-64.373,-64.369,-64.366,-64.362,-64.358,-64.354,-64.351,-64.347,-64.343,-64.34,-64.336,-64.332,-64.329,-64.325,-64.321,-64.317,-64.314,-64.31,-64.306,-64.303,-64.299,-64.295,-64.292,-64.288,-64.284,-64.281,-64.277,-64.273,-64.27,-64.266,-64.262,-64.259,-64.255,-64.251,-64.248,-64.244,-64.24,-64.237,-64.233,-64.229,-64.225,-64.222,-64.218,-64.214,-64.211,-64.207,-64.204,-64.2,-64.196,-64.193,-64.189,-64.185,-64.182,-64.178,-64.174,-64.171,-64.167,-64.163,-64.16,-64.156,-64.152,-64.149,-64.145,-64.141,-64.138,-64.134,-64.131,-64.127,-64.123,-64.12,-64.116,-64.112,-64.109,-64.105,-64.102,-64.098,-64.094,-64.091,-64.087,-64.083,-64.08,-64.076,-64.073,-64.069,-64.065,-64.062,-64.058,-64.055,-64.051,-64.047,-64.044,-64.04,-64.037,-64.033,-64.029,-64.026,-64.022,-64.019,-64.015,-64.011,-64.008,-64.004,-64.001,-63.997,-63.993,-63.99,-63.986,-63.983,-63.979,-63.975,-63.972,-63.968,-63.965,-63.961,-63.958,-63.954,-63.95,-63.947,-63.943,-63.94,-63.936,-63.933,-63.929,-63.925,-63.922,-63.918,-63.915,-63.911,-63.907,-63.904,-63.9,-63.897,-63.893,-63.89,-63.886,-63.883,-63.879,-63.875,-63.872,-63.868,-63.865,-63.861,-63.858,-63.854,-63.851,-63.847,-63.844,-63.84,-63.836,-63.833,-63.829,-63.826,-63.822,-63.819,-63.815,-63.812,-63.808,-63.805,-63.801,-63.797,-63.794,-63.79,-63.787,-63.783,-63.78,-63.776,-63.773,-63.769,-63.766,-63.762,-63.759,-63.755,-63.752,-63.748,-63.745,-63.741,-63.737,-63.734,-63.73,-63.727,-63.723,-63.72,-63.717,-63.713,-63.71,-63.706,-63.702,-63.699,-63.695,-63.692,-63.688,-63.685,-63.681,-63.678,-63.674,-63.671,-63.667,-63.664,-63.66,-63.657,-63.653,-63.65,-63.646,-63.643,-63.639,-63.636,-63.632,-63.629,-63.625,-63.622,-63.618,-63.615,-63.612,-63.608,-63.605,-63.601,-63.598,-63.594,-63.591,-63.587,-63.584,-63.58,-63.577,-63.573,-63.57,-63.566,-63.563,-63.559,-63.556,-63.552,-63.549,-63.545,-63.542,-63.539,-63.535,-63.532,-63.528,-63.525,-63.521,-63.518,-63.515,-63.511,-63.508,-63.504,-63.501,-63.497,-63.494,-63.49,-63.487,-63.483,-63.48,-63.477,-63.473,-63.47,-63.466,-63.463,-63.459,-63.456,-63.452,-63.449,-63.446,-63.442,-63.439,-63.435,-63.432,-63.428,-63.425,-63.422,-63.418,-63.415,-63.411,-63.408,-63.404,-63.401,-63.397,-63.394,-63.391,-63.387,-63.384,-63.38,-63.377,-63.374,-63.37,-63.367,-63.363,-63.36,-63.356,-63.353,-63.35,-63.346,-63.343,-63.339,-63.336,-63.333,-63.329,-63.326,-63.322,-63.319,-63.316,-63.312,-63.309,-63.305,-63.302,-63.299,-63.295,-63.292,-63.288,-63.285,-63.282,-63.278,-63.275,-63.271,-63.268,-63.265,-63.261,-63.258,-63.255,-63.251,-63.248,-63.244,-63.241,-63.238,-63.234,-63.231,-63.227,-63.224,-63.221,-63.217,-63.214,-63.211,-63.207,-63.204,-63.2,-63.197,-63.194,-63.19,-63.187,-63.184,-63.18,-63.177,-63.174,-63.17,-63.167,-63.163,-63.16,-63.157,-63.153,-63.15,-63.147,-63.143,-63.14,-63.137,-63.133,-63.13,-63.127,-63.123,-63.12,-63.116,-63.113,-63.11,-63.106,-63.103,-63.1,-63.096,-63.093,-63.09,-63.086,-63.083,-63.08,-63.076,-63.073,-63.07,-63.066,-63.063,-63.06,-63.056,-63.053,-63.05,-63.046,-63.043,-63.04,-63.036,-63.033,-63.03,-63.026,-63.023,-63.02,-63.016,-63.013,-63.01,-63.006,-63.003,-63.0,-62.996,-62.993,-62.99,-62.987,-62.983,-62.98,-62.977,-62.973,-62.97,-62.967,-62.963,-62.96,-62.957,-62.953,-62.95,-62.947,-62.944,-62.94,-62.937,-62.934,-62.93,-62.927,-62.924,-62.92,-62.917,-62.914,-62.911,-62.907,-62.904,-62.901,-62.897,-62.894,-62.891,-62.887,-62.884,-62.881,-62.878,-62.874,-62.871,-62.868,-62.864,-62.861,-62.858,-62.855,-62.851,-62.848,-62.845,-62.842,-62.838,-62.835,-62.832,-62.828,-62.825,-62.822,-62.819,-62.815,-62.812,-62.809,-62.806,-62.802,-62.799,-62.796,-62.792,-62.789,-62.786,-62.783,-62.779,-62.776,-62.773,-62.77,-62.766,-62.763,-62.76,-62.757,-62.753,-62.75,-62.747,-62.744,-62.74,-62.737,-62.734,-62.731,-62.727,-62.724,-62.721,-62.718,-62.714,-62.711,-62.708,-62.705,-62.701,-62.698,-62.695,-62.692,-62.688,-62.685,-62.682,-62.679,-62.675,-62.672,-62.669,-62.666,-62.662,-62.659,-62.656,-62.653,-62.65,-62.646,-62.643,-62.64,-62.637,-62.633,-62.63,-62.627,-62.624,-62.62,-62.617,-62.614,-62.611,-62.608,-62.604,-62.601,-62.598,-62.595,-62.591,-62.588,-62.585,-62.582,-62.579,-62.575,-62.572,-62.569,-62.566,-62.563,-62.559,-62.556,-62.553,-62.55,-62.547,-62.543,-62.54,-62.537,-62.534,-62.531,-62.527,-62.524,-62.521,-62.518,-62.515,-62.511,-62.508,-62.505,-62.502,-62.499,-62.495,-62.492,-62.489,-62.486,-62.483,-62.479,-62.476,-62.473,-62.47,-62.467,-62.463,-62.46,-62.457,-62.454,-62.451,-62.447,-62.444,-62.441,-62.438,-62.435,-62.432,-62.428,-62.425,-62.422,-62.419,-62.416,-62.413,-62.409,-62.406,-62.403,-62.4,-62.397,-62.393,-62.39,-62.387,-62.384,-62.381,-62.378,-62.374,-62.371,-62.368,-62.365,-62.362,-62.359,-62.355,-62.352,-62.349,-62.346,-62.343,-62.34,-62.337,-62.333,-62.33,-62.327,-62.324,-62.321,-62.318,-62.314,-62.311,-62.308,-62.305,-62.302,-62.299,-62.296,-62.292,-62.289,-62.286,-62.283,-62.28,-62.277,-62.274,-62.27,-62.267,-62.264,-62.261,-62.258,-62.255,-62.252,-62.248,-62.245,-62.242,-62.239,-62.236,-62.233,-62.23,-62.226,-62.223,-62.22,-62.217,-62.214,-62.211,-62.208,-62.205,-62.201,-62.198,-62.195,-62.192,-62.189,-62.186,-62.183,-62.18,-62.176,-62.173,-62.17,-62.167,-62.164,-62.161,-62.158,-62.155,-62.151,-62.148,-62.145,-62.142,-62.139,-62.136,-62.133,-62.13,-62.127,-62.123,-62.12,-62.117,-62.114,-62.111,-62.108,-62.105,-62.102,-62.099,-62.095,-62.092,-62.089,-62.086,-62.083,-62.08,-62.077,-62.074,-62.071,-62.068,-62.064,-62.061,-62.058,-62.055,-62.052,-62.049,-62.046,-62.043,-62.04,-62.037,-62.033,-62.03,-62.027,-62.024,-62.021,-62.018,-62.015,-62.012,-62.009,-62.006,-62.003,-62.0,-61.996,-61.993,-61.99,-61.987,-61.984,-61.981,-61.978,-61.975,-61.972,-61.969,-61.966,-61.963,-61.959,-61.956,-61.953,-61.95,-61.947,-61.944,-61.941,-61.938,-61.935,-61.932,-61.929,-61.926,-61.923,-61.92,-61.916,-61.913,-61.91,-61.907,-61.904,-61.901,-61.898,-61.895,-61.892,-61.889,-61.886,-61.883,-61.88,-61.877,-61.874,-61.87,-61.867,-61.864,-61.861,-61.858,-61.855,-61.852,-61.849,-61.846,-61.843,-61.84,-61.837,-61.834,-61.831,-61.828,-61.825,-61.822,-61.819,-61.816,-61.812,-61.809,-61.806,-61.803,-61.8,-61.797,-61.794,-61.791,-61.788,-61.785,-61.782,-61.779,-61.776,-61.773,-61.77,-61.767,-61.764,-61.761,-61.758,-61.755,-61.752,-61.749,-61.746,-61.743,-61.74,-61.737,-61.734,-61.731,-61.727,-61.724,-61.721,-61.718,-61.715,-61.712,-61.709,-61.706,-61.703,-61.7,-61.697,-61.694,-61.691,-61.688,-61.685,-61.682,-61.679,-61.676,-61.673,-61.67,-61.667,-61.664,-61.661,-61.658,-61.655,-61.652,-61.649,-61.646,-61.643,-61.64,-61.637,-61.634,-61.631,-61.628,-61.625,-61.622,-61.619,-61.616,-61.613,-61.61,-61.607,-61.604,-61.601,-61.598,-61.595,-61.592,-61.589,-61.586,-61.583,-61.58,-61.577,-61.574,-61.571,-61.568,-61.565,-61.562,-61.559,-61.556,-61.553,-61.55,-61.547,-61.544,-61.541,-61.538,-61.535,-61.532,-61.529,-61.526,-61.523,-61.52,-61.517,-61.514,-61.511,-61.508,-61.505,-61.502,-61.499,-61.496,-61.493,-61.49,-61.487,-61.484,-61.481,-61.478,-61.475,-61.472,-61.469,-61.466,-61.463,-61.46,-61.457,-61.454,-61.451,-61.448,-61.445,-61.442,-61.439,-61.436,-61.433,-61.43,-61.427,-61.424,-61.421,-61.418,-61.416,-61.413,-61.41,-61.407,-61.404,-61.401,-61.398,-61.395,-61.392,-61.389,-61.386,-61.383,-61.38,-61.377,-61.374,-61.371,-61.368,-61.365,-61.362,-61.359,-61.356,-61.353,-61.35,-61.347,-61.344,-61.341,-61.338,-61.336,-61.333,-61.33,-61.327,-61.324,-61.321,-61.318,-61.315,-61.312,-61.309,-61.306,-61.303,-61.3,-61.297,-61.294,-61.291,-61.288,-61.285,-61.282,-61.279,-61.276,-61.274,-61.271,-61.268,-61.265,-61.262,-61.259,-61.256,-61.253,-61.25,-61.247,-61.244,-61.241,-61.238,-61.235,-61.232,-61.229,-61.226,-61.223,-61.221,-61.218,-61.215,-61.212,-61.209,-61.206,-61.203,-61.2,-61.197,-61.194,-61.191,-61.188,-61.185,-61.182,-61.18,-61.177,-61.174,-61.171,-61.168,-61.165,-61.162,-61.159,-61.156,-61.153,-61.15,-61.147,-61.144,-61.142,-61.139,-61.136,-61.133,-61.13,-61.127,-61.124,-61.121,-61.118,-61.115,-61.112,-61.109,-61.106,-61.104,-61.101,-61.098,-61.095,-61.092,-61.089,-61.086,-61.083,-61.08,-61.077,-61.074,-61.071,-61.069,-61.066,-61.063,-61.06,-61.057,-61.054,-61.051,-61.048,-61.045,-61.042,-61.039,-61.037,-61.034,-61.031,-61.028,-61.025,-61.022,-61.019,-61.016,-61.013,-61.01,-61.008,-61.005,-61.002,-60.999,-60.996,-60.993,-60.99,-60.987,-60.984,-60.981,-60.979,-60.976,-60.973,-60.97,-60.967,-60.964,-60.961,-60.958,-60.955,-60.952,-60.95,-60.947,-60.944,-60.941,-60.938,-60.935,-60.932,-60.929,-60.926,-60.924,-60.921,-60.918,-60.915,-60.912,-60.909,-60.906,-60.903,-60.9,-60.898,-60.895,-60.892,-60.889,-60.886,-60.883,-60.88,-60.877,-60.875,-60.872,-60.869,-60.866,-60.863,-60.86,-60.857,-60.854,-60.852,-60.849,-60.846,-60.843,-60.84,-60.837,-60.834,-60.831,-60.829,-60.826,-60.823,-60.82,-60.817,-60.814,-60.811,-60.808,-60.806,-60.803,-60.8,-60.797,-60.794,-60.791,-60.788,-60.785,-60.783,-60.78,-60.777,-60.774,-60.771,-60.768,-60.765,-60.763,-60.76,-60.757,-60.754,-60.751,-60.748,-60.745,-60.743,-60.74,-60.737,-60.734,-60.731,-60.728,-60.725,-60.722,-60.72,-60.717,-60.714,-60.711,-60.708,-60.705,-60.702,-60.7,-60.697,-60.694,-60.691,-60.688,-60.685,-60.683,-60.68,-60.677,-60.674,-60.671,-60.668,-60.665,-60.663,-60.66,-60.657,-60.654,-60.651,-60.648,-60.645,-60.643,-60.64,-60.637,-60.634,-60.631,-60.628,-60.626,-60.623,-60.62,-60.617,-60.614,-60.611,-60.608,-60.606,-60.603,-60.6,-60.597,-60.594,-60.591,-60.589,-60.586,-60.583,-60.58,-60.577,-60.574,-60.571,-60.569,-60.566,-60.563,-60.56,-60.557,-60.554,-60.552,-60.549,-60.546,-60.543,-60.54,-60.537,-60.535,-60.532,-60.529,-60.526,-60.523,-60.52,-60.518,-60.515,-60.512,-60.509,-60.506,-60.503,-60.501,-60.498,-60.495,-60.492,-60.489,-60.486,-60.484,-60.481,-60.478,-60.475,-60.472,-60.47,-60.467,-60.464,-60.461,-60.458,-60.455,-60.453,-60.45,-60.447,-60.444,-60.441,-60.438,-60.436,-60.433,-60.43,-60.427,-60.424,-60.422,-60.419,-60.416,-60.413,-60.41,-60.407,-60.405,-60.402,-60.399,-60.396,-60.393,-60.391,-60.388,-60.385,-60.382,-60.379,-60.376,-60.374,-60.371,-60.368,-60.365,-60.362,-60.36,-60.357,-60.354,-60.351,-60.348,-60.346,-60.343,-60.34,-60.337,-60.334,-60.331,-60.329,-60.326,-60.323,-60.32,-60.317,-60.315,-60.312,-60.309,-60.306,-60.303,-60.301,-60.298,-60.295,-60.292,-60.289,-60.287,-60.284,-60.281,-60.278,-60.275,-60.272,-60.27,-60.267,-60.264,-60.261,-60.258,-60.256,-60.253,-60.25,-60.247,-60.244,-60.242,-60.239,-60.236,-60.233,-60.23,-60.228,-60.225,-60.222,-60.219,-60.216,-60.214,-60.211,-60.208,-60.205,-60.202,-60.2,-60.197,-60.194,-60.191,-60.188,-60.186,-60.183,-60.18,-60.177,-60.175,-60.172,-60.169,-60.166,-60.163,-60.161,-60.158,-60.155,-60.152,-60.149,-60.147,-60.144,-60.141,-60.138,-60.135,-60.133,-60.13,-60.127,-60.124,-60.121,-60.119,-60.116,-60.113,-60.11,-60.108,-60.105,-60.102,-60.099,-60.096,-60.094,-60.091,-60.088,-60.085,-60.082,-60.08,-60.077,-60.074,-60.071,-60.069,-60.066,-60.063,-60.06,-60.057,-60.055,-60.052,-60.049,-60.046,-60.043,-60.041,-60.038,-60.035,-60.032,-60.03,-60.027,-60.024,-60.021,-60.018,-60.016,-60.013,-60.01,-60.007,-60.005,-60.002,-59.999,-59.996,-59.993,-59.991,-59.988,-59.985,-59.982,-59.98,-59.977,-59.974,-59.971,-59.969,-59.966,-59.963,-59.96,-59.958,-59.955,-59.952,-59.949,-59.946,-59.944,-59.941,-59.938,-59.935,-59.933,-59.93,-59.927,-59.924,-59.921,-59.919,-59.916,-59.913,-59.91,-59.908,-59.905,-59.902,-59.899,-59.896,-59.894,-59.891,-59.888,-59.885,-59.883,-59.88,-59.877,-59.874,-59.871,-59.869,-59.866,-59.863,-59.86,-59.858,-59.855,-59.852,-59.849,-59.847,-59.844,-59.841,-59.838,-59.835,-59.833,-59.83,-59.827,-59.824,-59.822,-59.819,-59.816,-59.813,-59.811,-59.808,-59.805,-59.802,-59.8,-59.797,-59.794,-59.791,-59.789,-59.786,-59.783,-59.78,-59.778,-59.775,-59.772,-59.769,-59.767,-59.764,-59.761,-59.758,-59.756,-59.753,-59.75,-59.747,-59.744,-59.742,-59.739,-59.736,-59.734,-59.731,-59.728,-59.725,-59.723,-59.72,-59.717,-59.714,-59.712,-59.709,-59.706,-59.703,-59.701,-59.698,-59.695,-59.692,-59.69,-59.687,-59.684,-59.681,-59.679,-59.676,-59.673,-59.67,-59.668,-59.665,-59.662,-59.659,-59.657,-59.654,-59.651,-59.648,-59.646,-59.643,-59.64,-59.637,-59.635,-59.632,-59.629,-59.626,-59.624,-59.621,-59.618,-59.616,-59.613,-59.61,-59.607,-59.604,-59.602,-59.599,-59.596,-59.593,-59.591,-59.588,-59.585,-59.582,-59.58,-59.577,-59.574,-59.572,-59.569,-59.566,-59.563,-59.56,-59.558,-59.555,-59.552,-59.549,-59.547,-59.544,-59.541,-59.538,-59.536,-59.533,-59.53,-59.527,-59.524,-59.522,-59.519,-59.516,-59.514,-59.511,-59.508,-59.505,-59.503,-59.5,-59.497,-59.494,-59.492,-59.489,-59.486,-59.484,-59.481,-59.478,-59.475,-59.473,-59.47,-59.467,-59.464,-59.462,-59.459,-59.456,-59.454,-59.451,-59.448,-59.445,-59.443,-59.44,-59.437,-59.434,-59.432,-59.429,-59.426,-59.423,-59.421,-59.418,-59.415,-59.412,-59.41,-59.407,-59.404,-59.401,-59.399,-59.396,-59.393,-59.39,-59.388,-59.385,-59.382,-59.379,-59.377,-59.374,-59.371,-59.369,-59.366,-59.363,-59.36,-59.358,-59.355,-59.352,-59.349,-59.346,-59.344,-59.341,-59.338,-59.335,-59.333,-59.33,-59.327,-59.325,-59.322,-59.319,-59.316,-59.314,-59.311,-59.308,-59.306,-59.303,-59.3,-59.297,-59.295,-59.292,-59.289,-59.286,-59.284,-59.281,-59.278,-59.275,-59.273,-59.27,-59.267,-59.264,-59.262,-59.259,-59.256,-59.253,-59.251,-59.248,-59.245,-59.243,-59.24,-59.237,-59.234,-59.232,-59.229,-59.226,-59.223,-59.221,-59.218,-59.215,-59.213,-59.21,-59.207,-59.204,-59.202,-59.199,-59.196,-59.193,-59.191,-59.188,-59.185,-59.182,-59.179,-59.177,-59.174,-59.171,-59.168,-59.166,-59.163,-59.16,-59.158,-59.155,-59.152,-59.149,-59.147,-59.144,-59.141,-59.138,-59.136,-59.133,-59.13,-59.127,-59.124,-59.122,-59.119,-59.116,-59.113,-59.111,-59.108,-59.105,-59.102,-59.1,-59.097,-59.094,-59.092,-59.089,-59.086,-59.083,-59.081,-59.078,-59.075,-59.072,-59.07,-59.067,-59.064,-59.062,-59.059,-59.056,-59.053,-59.05,-59.048,-59.045,-59.042,-59.039,-59.037,-59.034,-59.031,-59.028,-59.026,-59.023,-59.02,-59.017,-59.015,-59.012,-59.01,-59.007,-59.004,-59.001,-58.999,-58.996,-58.993,-58.99,-58.987,-58.985,-58.982,-58.979,-58.976,-58.974,-58.971,-58.968,-58.965,-58.963,-58.96,-58.957,-58.954,-58.952,-58.949,-58.946,-58.943,-58.941,-58.938,-58.935,-58.933,-58.93,-58.927,-58.924,-58.921,-58.918,-58.916,-58.913,-58.91,-58.908,-58.905,-58.902,-58.899,-58.897,-58.894,-58.891,-58.888,-58.886,-58.883,-58.88,-58.877,-58.875,-58.872,-58.869,-58.867,-58.864,-58.861,-58.858,-58.855,-58.853,-58.85,-58.847,-58.844,-58.842,-58.839,-58.836,-58.833,-58.831,-58.828,-58.825,-58.823,-58.82,-58.817,-58.814,-58.811,-58.809,-58.806,-58.803,-58.8,-58.798,-58.795,-58.792,-58.789,-58.787,-58.784,-58.781,-58.778,-58.776,-58.773,-58.77,-58.767,-58.764,-58.762,-58.759,-58.756,-58.753,-58.751,-58.748,-58.745,-58.742,-58.74,-58.737,-58.734,-58.731,-58.728,-58.726,-58.723,-58.72,-58.717,-58.715,-58.712,-58.709,-58.706,-58.704,-58.701,-58.698,-58.695,-58.693,-58.69,-58.687,-58.684,-58.682,-58.679,-58.676,-58.673,-58.671,-58.668,-58.665,-58.662,-58.659,-58.657,-58.654,-58.651,-58.649,-58.646,-58.643,-58.64,-58.637,-58.635,-58.632,-58.629,-58.626,-58.623,-58.621,-58.618,-58.615,-58.612,-58.609,-58.607,-58.604,-58.601,-58.598,-58.595,-58.593,-58.59,-58.587,-58.584,-58.582,-58.579,-58.576,-58.573,-58.57,-58.567,-58.565,-58.562,-58.559,-58.556,-58.553,-58.551,-58.548,-58.545,-58.542,-58.539,-58.537,-58.534,-58.531,-58.529,-58.526,-58.523,-58.52,-58.517,-58.514,-58.512,-58.509,-58.506,-58.503,-58.5,-58.498,-58.495,-58.492,-58.489,-58.486,-58.483,-58.481,-58.478,-58.475,-58.472,-58.469,-58.467,-58.464,-58.461,-58.458,-58.455,-58.452,-58.45,-58.447,-58.444,-58.441,-58.439,-58.436,-58.433,-58.43,-58.427,-58.424,-58.422,-58.419,-58.416,-58.413,-58.41,-58.407,-58.405,-58.402,-58.399,-58.396,-58.393,-58.39,-58.388,-58.385,-58.382,-58.379,-58.376,-58.373,-58.371,-58.368,-58.365,-58.362,-58.359,-58.356,-58.353,-58.351,-58.348,-58.345,-58.342,-58.339,-58.336,-58.334,-58.331,-58.328,-58.325,-58.322,-58.319,-58.317,-58.314,-58.311,-58.308,-58.306,-58.303,-58.3,-58.297,-58.294,-58.291,-58.288,-58.285,-58.283,-58.28,-58.277,-58.274,-58.271,-58.268,-58.265,-58.263,-58.26,-58.257,-58.254,-58.251,-58.248,-58.246,-58.243,-58.24,-58.237,-58.234,-58.231,-58.228,-58.226,-58.223,-58.22,-58.217,-58.214,-58.211,-58.208,-58.205,-58.203,-58.2,-58.197,-58.194,-58.191,-58.188,-58.185,-58.182,-58.18,-58.177,-58.174,-58.171,-58.168,-58.165,-58.162,-58.159,-58.156,-58.154,-58.151,-58.148,-58.145,-58.142,-58.139,-58.136,-58.133,-58.131,-58.128,-58.125,-58.122,-58.119,-58.116,-58.113,-58.11,-58.107,-58.104,-58.101,-58.098,-58.095,-58.092,-58.089,-58.086,-58.083,-58.081,-58.078,-58.075,-58.072,-58.069,-58.066,-58.063,-58.06,-58.057,-58.054,-58.051,-58.049,-58.045,-58.042,-58.04,-58.037,-58.034,-58.031,-58.028,-58.025,-58.022,-58.019,-58.016,-58.013,-58.01,-58.007,-58.005,-58.002,-57.999,-57.996,-57.993,-57.99,-57.987,-57.984,-57.981,-57.978,-57.975,-57.972,-57.97,-57.966,-57.964,-57.961,-57.958,-57.955,-57.952,-57.949,-57.946,-57.943,-57.94,-57.937,-57.934,-57.931,-57.928,-57.925,-57.922,-57.919,-57.916,-57.913,-57.91,-57.907,-57.904,-57.901,-57.898,-57.895,-57.892,-57.889,-57.886,-57.883,-57.88,-57.877,-57.874,-57.871,-57.867,-57.864,-57.861,-57.858,-57.855,-57.852,-57.849,-57.846,-57.843,-57.84,-57.837,-57.834,-57.831,-57.828,-57.824,-57.821,-57.818,-57.815,-57.812,-57.809,-57.806,-57.803,-57.8,-57.797,-57.794,-57.791,-57.788,-57.785,-57.782,-57.779,-57.776,-57.773,-57.77,-57.767,-57.764,-57.761,-57.758,-57.755,-57.751,-57.748,-57.745,-57.742,-57.739,-57.736,-57.732,-57.729,-57.726,-57.723,-57.72,-57.717,-57.713,-57.71,-57.707,-57.704,-57.701,-57.698,-57.695,-57.691,-57.688,-57.685,-57.682,-57.679,-57.676,-57.673,-57.669,-57.666,-57.663,-57.66,-57.657,-57.654,-57.65,-57.647,-57.644,-57.641,-57.638,-57.634,-57.631,-57.628,-57.625,-57.621,-57.618,-57.615,-57.612,-57.609,-57.605,-57.602,-57.599,-57.596,-57.593,-57.589,-57.586,-57.583,-57.579,-57.576,-57.573,-57.57,-57.566,-57.563,-57.56,-57.557,-57.553,-57.55,-57.547,-57.543,-57.54,-57.537,-57.533,-57.53,-57.527,-57.523,-57.52,-57.517,-57.513,-57.51,-57.507,-57.503,-57.5,-57.497,-57.493,-57.49,-57.487,-57.483,-57.479,-57.476,-57.473,-57.47,-57.466,-57.463,-57.46,-57.456,-57.453,-57.449,-57.446,-57.442,-57.439,-57.435,-57.432,-57.428,-57.425,-57.422,-57.418,-57.415,-57.411,-57.408,-57.404,-57.401,-57.397,-57.394,-57.39,-57.387,-57.383,-57.38,-57.376,-57.373,-57.369,-57.365,-57.362,-57.358,-57.355,-57.351,-57.347,-57.344,-57.34,-57.336,-57.333,-57.329,-57.326,-57.322,-57.318,-57.314,-57.311,-57.307,-57.304,-57.3,-57.297,-57.293,-57.29,-57.286,-57.282,-57.278,-57.274,-57.271,-57.267,-57.263,-57.26,-57.256,-57.252,-57.249,-57.245,-57.241,-57.237,-57.233,-57.229,-57.226,-57.222,-57.218,-57.214,-57.21,-57.206,-57.202,-57.198,-57.194,-57.19,-57.186,-57.183,-57.178,-57.174,-57.17,-57.166,-57.162,-57.158,-57.154,-57.15,-57.146,-57.141,-57.137,-57.133,-57.129,-57.125,-57.121,-57.116,-57.112,-57.108,-57.103,-57.099,-57.095,-57.09,-57.086,-57.081,-57.077,-57.073,-57.068,-57.064,-57.059,-57.055,-57.05,-57.045,-57.04,-57.036,-57.031,-57.026,-57.022,-57.017,-57.012,-57.007,-57.003,-56.998,-56.993,-56.988,-56.983,-56.978,-56.973,-56.968,-56.963,-56.958,-56.952,-56.947,-56.942,-56.936,-56.931,-56.926,-56.92,-56.915,-56.909,-56.904,-56.898,-56.892,-56.886,-56.881,-56.875,-56.869,-56.863,-56.857,-56.851,-56.844,-56.838,-56.831,-56.825,-56.818,-56.811,-56.804,-56.797,-56.789,-56.782,-56.774,-56.766,-56.758,-56.75,-56.741,-56.732,-56.723,-56.714,-56.705,-56.695,-56.685,-56.674,-56.662,-56.65,-56.638,-56.625,-56.61,-56.594,-56.577,-56.558,-56.535,-56.506,-56.468,-56.413,-56.311,-55.828,-42.708,-26.138,10.09,-15.958,-37.863,-64.172,-71.157,-73.661,-75.053,-75.924,-76.486,-76.832,-77.033,-77.136,-77.174,-77.138,-77.066,-76.952,-76.822,-76.69,-76.529,-76.362,-76.194,-76.023,-75.845,-75.671,-75.492,-75.317,-75.143,-74.971,-74.798,-74.626,-74.455,-74.289,-74.121,-73.951,-73.79,-73.629,-73.466,-73.305,-73.146,-72.987,-72.829,-72.671,-72.514,-72.358,-72.203,-72.048,-71.893,-71.739,-71.585,-71.431,-71.278,-71.126,-70.972,-70.82,-70.669,-70.517,-70.366,-70.215,-70.065,-69.915,-69.765,-69.616,-69.467,-69.32,-69.172,-69.025,-68.878,-68.733,-68.587,-68.443,-68.3,-68.157,-68.014,-67.873,-67.732,-67.593,-67.454,-67.317,-67.18,-67.044,-66.909,-66.774,-66.641,-66.509,-66.379,-66.248,-66.119,-65.991,-65.865,-65.739,-65.614,-65.491,-65.368,-65.247,-65.127,-65.008,-64.89,-64.774,-64.659,-64.545,-64.431,-64.32,-64.209,-64.1,-63.991,-63.885,-63.779,-63.674,-63.571,-63.469,-63.368,-63.269,-63.17,-63.073,-62.977,-62.882,-62.789,-62.696,-62.605,-62.515,-62.426,-62.339,-62.252,-62.167,-62.083,-62.0,-61.918,-61.837,-61.758,-61.679,-61.602,-61.525,-61.45,-61.376,-61.303,-61.231,-61.16,-61.09,-61.021,-60.953,-60.886,-60.82,-60.756,-60.692,-60.629,-60.567,-60.505,-60.445,-60.386,-60.328,-60.27,-60.213,-60.158,-60.103,-60.049,-59.995,-59.943,-59.891,-59.84,-59.79,-59.741,-59.692,-59.645,-59.598,-59.551,-59.506,-59.461,-59.417,-59.373,-59.33,-59.288,-59.246,-59.205,-59.165,-59.125,-59.086,-59.048,-59.01,-58.973,-58.936,-58.899,-58.864,-58.829,-58.794,-58.76,-58.727,-58.694,-58.661,-58.629,-58.597,-58.566,-58.536,-58.506,-58.476,-58.447,-58.418,-58.39,-58.362,-58.334,-58.307,-58.28,-58.254,-58.228,-58.202,-58.177,-58.152,-58.128,-58.104,-58.08,-58.057,-58.033,-58.011,-57.988,-57.966,-57.945,-57.923,-57.902,-57.881,-57.86,-57.84,-57.82,-57.8,-57.78,-57.761,-57.742,-57.723,-57.705,-57.686,-57.669,-57.651,-57.633,-57.616,-57.599,-57.582,-57.565,-57.548,-57.532,-57.516,-57.5,-57.485,-57.469,-57.454,-57.438,-57.423,-57.408,-57.394,-57.379,-57.365,-57.351,-57.336,-57.322,-57.308,-57.295,-57.281,-57.268,-57.254,-57.241,-57.228,-57.215,-57.202,-57.189,-57.176,-57.163,-57.151,-57.138,-57.126,-57.113,-57.101,-57.089,-57.077,-57.064,-57.052,-57.04,-57.028,-57.016,-57.004,-56.992,-56.98,-56.967,-56.955,-56.943,-56.931,-56.919,-56.907,-56.894,-56.882,-56.869,-56.856,-56.843,-56.83,-56.816,-56.802,-56.788,-56.774,-56.759,-56.744,-56.728,-56.711,-56.694,-56.676,-56.656,-56.635,-56.612,-56.586,-56.556,-56.518,-56.468,-56.393,-56.249,-54.113,-38.138,2.4178,-1.825,-22.93,-49.665,-67.888,-72.286,-74.243,-75.392,-76.129,-76.59,-76.881,-77.052,-77.11,-77.088,-77.053,-76.948,-76.817,-76.699,-76.539,-76.377,-76.203,-76.029,-75.846,-75.669,-75.489,-75.307,-75.129,-74.948,-74.769,-74.599,-74.427,-74.256,-74.087,-73.919,-73.753,-73.589,-73.424,-73.263,-73.102,-72.942,-72.782,-72.624,-72.467,-72.31,-72.153,-71.995,-71.841,-71.685,-71.531,-71.376,-71.224,-71.071,-70.921,-70.768,-70.617,-70.466,-70.316,-70.166,-70.017,-69.869,-69.721,-69.574,-69.427,-69.281,-69.135,-68.99,-68.846,-68.703,-68.56,-68.419,-68.277,-68.136,-67.997,-67.858,-67.721,-67.584,-67.448,-67.314,-67.18,-67.047,-66.914,-66.784,-66.654,-66.525,-66.397,-66.27,-66.144,-66.02,-65.896,-65.774,-65.653,-65.533,-65.414,-65.296,-65.18,-65.064,-64.95,-64.837,-64.725,-64.614,-64.505,-64.397,-64.29,-64.184,-64.079,-63.976,-63.874,-63.773,-63.673,-63.575,-63.477,-63.381,-63.286,-63.193,-63.1,-63.009,-62.919,-62.83,-62.742,-62.656,-62.57,-62.486,-62.403,-62.321,-62.24,-62.16,-62.081,-62.004,-61.927,-61.852,-61.778,-61.705,-61.633,-61.561,-61.491,-61.422,-61.354,-61.287,-61.221,-61.156,-61.092,-61.029,-60.967,-60.906,-60.845,-60.786,-60.727,-60.67,-60.613,-60.557,-60.502,-60.448,-60.395,-60.342,-60.29,-60.239,-60.189,-60.14,-60.091,-60.043,-59.996,-59.949,-59.904,-59.859,-59.815,-59.771,-59.728,-59.686,-59.644,-59.603,-59.563,-59.524,-59.484,-59.446,-59.408,-59.371,-59.334,-59.298,-59.262,-59.227,-59.193,-59.159,-59.125,-59.092,-59.06,-59.029,-58.997,-58.966,-58.936,-58.906,-58.876,-58.847,-58.818,-58.79,-58.762,-58.735,-58.708,-58.681,-58.655,-58.629,-58.604,-58.579,-58.555,-58.53,-58.507,-58.483,-58.46,-58.438,-58.415,-58.393,-58.371,-58.35,-58.329,-58.308,-58.287,-58.267,-58.247,-58.228,-58.208,-58.189,-58.17,-58.152,-58.133,-58.115,-58.098,-58.08,-58.063,-58.046,-58.029,-58.012,-57.996,-57.98,-57.964,-57.949,-57.933,-57.918,-57.903,-57.888,-57.874,-57.859,-57.845,-57.831,-57.817,-57.804,-57.79,-57.777,-57.764,-57.751,-57.738,-57.725,-57.713,-57.701,-57.688,-57.676,-57.665,-57.653,-57.641,-57.63,-57.618,-57.607,-57.596,-57.585,-57.574,-57.563,-57.553,-57.543,-57.533,-57.522,-57.512,-57.502,-57.492,-57.482,-57.473,-57.463,-57.453,-57.444,-57.435,-57.426,-57.417,-57.408,-57.399,-57.39,-57.381,-57.372,-57.363,-57.355,-57.347,-57.338,-57.33,-57.321,-57.313,-57.304,-57.296,-57.288,-57.28,-57.272,-57.264,-57.257,-57.249,-57.241,-57.233,-57.226,-57.218,-57.211,-57.203,-57.196,-57.189,-57.181,-57.174,-57.166,-57.159,-57.152,-57.145,-57.137,-57.13,-57.123,-57.115,-57.108,-57.101,-57.094,-57.087,-57.08,-57.073,-57.066,-57.059,-57.051,-57.044,-57.037,-57.03,-57.023,-57.016,-57.008,-57.001,-56.994,-56.987,-56.98,-56.973,-56.965,-56.958,-56.951,-56.943,-56.936,-56.928,-56.921,-56.913,-56.906,-56.898,-56.89,-56.882,-56.874,-56.866,-56.858,-56.85,-56.842,-56.833,-56.825,-56.816,-56.807,-56.798,-56.788,-56.779,-56.769,-56.76,-56.75,-56.74,-56.729,-56.718,-56.707,-56.695,-56.683,-56.67,-56.657,-56.643,-56.628,-56.612,-56.594,-56.575,-56.554,-56.528,-56.497,-56.455,-56.39,-56.26,-54.871,-39.576,-11.166,1.9042,-20.498,-45.504,-66.773,-71.874,-73.995,-75.217,-75.985,-76.48,-76.772,-76.945,-77.006,-77.014,-76.966,-76.872,-76.732,-76.598,-76.436,-76.27,-76.094,-75.916,-75.733,-75.547,-75.36,-75.176,-74.993,-74.812,-74.632,-74.454,-74.277,-74.102,-73.93,-73.759,-73.588,-73.418,-73.252,-73.089,-72.927,-72.765,-72.604,-72.445,-72.287,-72.129,-71.973,-71.817,-71.662,-71.508,-71.354,-71.201,-71.049,-70.897,-70.745,-70.593,-70.442,-70.293,-70.146,-69.997,-69.849,-69.703,-69.557,-69.411,-69.267,-69.122,-68.979,-68.836,-68.696,-68.555,-68.416,-68.277,-68.139,-68.002,-67.866,-67.731,-67.597,-67.464,-67.332,-67.201,-67.07,-66.942,-66.814,-66.687,-66.561,-66.436,-66.313,-66.191,-66.07,-65.95,-65.83,-65.713,-65.596,-65.48,-65.366,-65.253,-65.141,-65.031,-64.921,-64.813,-64.706,-64.6,-64.495,-64.392,-64.29,-64.189,-64.089,-63.99,-63.893,-63.797,-63.702,-63.608,-63.515,-63.424,-63.334,-63.244,-63.156,-63.07,-62.984,-62.9,-62.816,-62.734,-62.653,-62.573,-62.494,-62.417,-62.34,-62.264,-62.19,-62.116,-62.044,-61.973,-61.902,-61.833,-61.765,-61.698,-61.631,-61.566,-61.502,-61.438,-61.376,-61.314,-61.254,-61.194,-61.135,-61.077,-61.02,-60.964,-60.909,-60.854,-60.8,-60.748,-60.695,-60.644,-60.594,-60.544,-60.495,-60.447,-60.399,-60.353,-60.307,-60.261,-60.217,-60.173,-60.13,-60.087,-60.045,-60.004,-59.963,-59.923,-59.884,-59.845,-59.807,-59.769,-59.732,-59.696,-59.66,-59.624,-59.59,-59.555,-59.521,-59.488,-59.455,-59.423,-59.392,-59.36,-59.329,-59.299,-59.269,-59.24,-59.211,-59.182,-59.154,-59.126,-59.099,-59.072,-59.046,-59.02,-58.994,-58.969,-58.944,-58.919,-58.895,-58.871,-58.847,-58.824,-58.801,-58.779,-58.757,-58.735,-58.713,-58.692,-58.671,-58.65,-58.63,-58.61,-58.59,-58.571,-58.551,-58.532,-58.514,-58.496,-58.477,-58.46,-58.442,-58.425,-58.407,-58.39,-58.374,-58.357,-58.341,-58.325,-58.309,-58.294,-58.278,-58.263,-58.248,-58.233,-58.219,-58.204,-58.19,-58.176,-58.163,-58.149,-58.135,-58.122,-58.109,-58.096,-58.083,-58.07,-58.058,-58.046,-58.034,-58.022,-58.01,-57.998,-57.987,-57.975,-57.964,-57.953,-57.942,-57.931,-57.92,-57.909,-57.899,-57.888,-57.878,-57.867,-57.857,-57.847,-57.837,-57.828,-57.818,-57.808,-57.799,-57.789,-57.78,-57.771,-57.761,-57.752,-57.743,-57.735,-57.726,-57.717,-57.708,-57.7,-57.691,-57.683,-57.675,-57.666,-57.658,-57.65,-57.642,-57.634,-57.626,-57.618,-57.611,-57.603,-57.595,-57.587,-57.58,-57.573,-57.565,-57.558,-57.55,-57.543,-57.536,-57.529,-57.521,-57.514,-57.507,-57.5,-57.493,-57.486,-57.479,-57.472,-57.466,-57.459,-57.452,-57.445,-57.438,-57.432,-57.425,-57.418,-57.412,-57.405,-57.399,-57.392,-57.386,-57.379,-57.373,-57.366,-57.36,-57.353,-57.347,-57.341,-57.334,-57.328,-57.322,-57.315,-57.309,-57.303,-57.297,-57.29,-57.284,-57.278,-57.272,-57.265,-57.259,-57.253,-57.247,-57.24,-57.234,-57.228,-57.222,-57.216,-57.21,-57.203,-57.197,-57.191,-57.184,-57.178,-57.172,-57.165,-57.159,-57.153,-57.146,-57.14,-57.133,-57.127,-57.121,-57.114,-57.108,-57.101,-57.095,-57.088,-57.082,-57.076,-57.069,-57.063,-57.056,-57.05,-57.043,-57.037,-57.03,-57.023,-57.016,-57.01,-57.003,-56.996,-56.989,-56.982,-56.975,-56.968,-56.961,-56.954,-56.946,-56.939,-56.931,-56.924,-56.916,-56.909,-56.901,-56.894,-56.886,-56.878,-56.87,-56.861,-56.853,-56.844,-56.835,-56.826,-56.817,-56.808,-56.798,-56.789,-56.779,-56.769,-56.759,-56.748,-56.737,-56.726,-56.715,-56.703,-56.69,-56.677,-56.664,-56.649,-56.634,-56.618,-56.6,-56.579,-56.555,-56.528,-56.498,-56.46,-56.403,-56.298,-55.712,-42.062,-24.594,8.6602,-16.608,-38.835,-64.501,-71.161,-73.595,-74.945,-75.783,-76.317,-76.643,-76.822,-76.898,-76.915,-76.864,-76.77,-76.632,-76.488,-76.338,-76.152,-75.975,-75.789,-75.598,-75.406,-75.214,-75.024,-74.835,-74.641,-74.458,-74.27,-74.091,-73.911,-73.735,-73.56,-73.387,-73.216,-73.047,-72.879,-72.713,-72.549,-72.385,-72.222,-72.061,-71.902,-71.742,-71.585,-71.428,-71.273,-71.117,-70.964,-70.811,-70.658,-70.508,-70.359,-70.21,-70.061,-69.912,-69.765,-69.619,-69.473,-69.329,-69.185,-69.042,-68.9,-68.759,-68.619,-68.479,-68.341,-68.203,-68.066,-67.931,-67.797,-67.664,-67.532,-67.4,-67.27,-67.141,-67.013,-66.886,-66.76,-66.636,-66.512,-66.39,-66.269,-66.149,-66.03,-65.913,-65.797,-65.681,-65.567,-65.455,-65.343,-65.232,-65.124,-65.015,-64.909,-64.803,-64.699,-64.596,-64.494,-64.394,-64.295,-64.196,-64.099,-64.004,-63.909,-63.816,-63.724,-63.633,-63.543,-63.454,-63.367,-63.281,-63.196,-63.112,-63.029,-62.947,-62.867,-62.787,-62.709,-62.632,-62.555,-62.48,-62.406,-62.333,-62.261,-62.19,-62.121,-62.052,-61.984,-61.917,-61.851,-61.786,-61.722,-61.659,-61.597,-61.536,-61.476,-61.416,-61.358,-61.3,-61.244,-61.188,-61.133,-61.078,-61.025,-60.972,-60.921,-60.87,-60.819,-60.77,-60.721,-60.673,-60.626,-60.579,-60.534,-60.489,-60.444,-60.4,-60.357,-60.315,-60.273,-60.232,-60.191,-60.151,-60.112,-60.073,-60.035,-59.997,-59.96,-59.924,-59.888,-59.852,-59.817,-59.783,-59.749,-59.716,-59.683,-59.651,-59.619,-59.587,-59.556,-59.526,-59.496,-59.466,-59.437,-59.408,-59.38,-59.352,-59.325,-59.298,-59.271,-59.245,-59.219,-59.193,-59.168,-59.143,-59.119,-59.094,-59.071,-59.047,-59.024,-59.001,-58.979,-58.956,-58.935,-58.913,-58.892,-58.871,-58.85,-58.83,-58.809,-58.79,-58.77,-58.751,-58.732,-58.713,-58.694,-58.676,-58.658,-58.64,-58.623,-58.605,-58.588,-58.571,-58.554,-58.538,-58.521,-58.505,-58.49,-58.474,-58.459,-58.443,-58.428,-58.413,-58.398,-58.384,-58.369,-58.355,-58.341,-58.327,-58.313,-58.3,-58.287,-58.273,-58.26,-58.247,-58.235,-58.222,-58.209,-58.197,-58.185,-58.173,-58.161,-58.149,-58.137,-58.126,-58.114,-58.103,-58.091,-58.08,-58.069,-58.058,-58.047,-58.037,-58.026,-58.016,-58.005,-57.995,-57.985,-57.975,-57.965,-57.955,-57.945,-57.936,-57.926,-57.917,-57.907,-57.898,-57.888,-57.879,-57.87,-57.861,-57.852,-57.843,-57.834,-57.825,-57.816,-57.808,-57.799,-57.791,-57.782,-57.774,-57.765,-57.757,-57.748,-57.74,-57.732,-57.724,-57.716,-57.708,-57.7,-57.692,-57.684,-57.676,-57.669,-57.661,-57.653,-57.646,-57.638,-57.631,-57.623,-57.615,-57.608,-57.6,-57.593,-57.586,-57.579,-57.571,-57.564,-57.557,-57.55,-57.542,-57.535,-57.528,-57.521,-57.514,-57.507,-57.5,-57.493,-57.486,-57.479,-57.472,-57.465,-57.458,-57.451,-57.444,-57.437,-57.43,-57.423,-57.416,-57.409,-57.402,-57.396,-57.389,-57.382,-57.375,-57.368,-57.361,-57.354,-57.347,-57.341,-57.334,-57.327,-57.32,-57.314,-57.307,-57.3,-57.293,-57.286,-57.28,-57.273,-57.266,-57.259,-57.252,-57.245,-57.238,-57.231,-57.224,-57.218,-57.211,-57.204,-57.197,-57.19,-57.183,-57.176,-57.169,-57.162,-57.155,-57.148,-57.141,-57.134,-57.126,-57.119,-57.112,-57.105,-57.098,-57.09,-57.083,-57.075,-57.068,-57.06,-57.052,-57.045,-57.037,-57.029,-57.021,-57.014,-57.006,-56.998,-56.991,-56.983,-56.975,-56.967,-56.958,-56.95,-56.942,-56.933,-56.924,-56.916,-56.907,-56.898,-56.889,-56.88,-56.871,-56.862,-56.852,-56.843,-56.833,-56.823,-56.813,-56.803,-56.792,-56.782,-56.771,-56.76,-56.748,-56.736,-56.724,-56.711,-56.698,-56.684,-56.67,-56.654,-56.638,-56.62,-56.601,-56.58,-56.557,-56.53,-56.496,-56.454,-56.393,-56.28,-55.339,-40.777,-19.407,5.3329,-18.456,-41.928,-65.619,-71.453,-73.717,-74.982,-75.779,-76.292,-76.591,-76.745,-76.808,-76.808,-76.747,-76.641,-76.495,-76.343,-76.187,-75.994,-75.811,-75.61,-75.409,-75.206,-75.011,-74.813,-74.618,-74.426,-74.236,-74.045,-73.86,-73.674,-73.494,-73.316,-73.14,-72.964,-72.793,-72.621,-72.451,-72.284,-72.118,-71.954,-71.791,-71.63,-71.469,-71.311,-71.153,-70.997,-70.843,-70.687,-70.535,-70.384,-70.233,-70.081,-69.933,-69.783,-69.638,-69.493,-69.347,-69.204,-69.06,-68.922,-68.778,-68.638,-68.499,-68.36,-68.223,-68.086,-67.951,-67.817,-67.685,-67.553,-67.423,-67.292,-67.164,-67.037,-66.912,-66.786,-66.663,-66.54,-66.419,-66.3,-66.181,-66.063,-65.947,-65.832,-65.718,-65.605,-65.494,-65.383,-65.275,-65.167,-65.06,-64.955,-64.851,-64.749,-64.647,-64.547,-64.447,-64.35,-64.253,-64.158,-64.064,-63.97,-63.879,-63.788,-63.699,-63.611,-63.524,-63.438,-63.353,-63.269,-63.187,-63.106,-63.025,-62.946,-62.868,-62.791,-62.716,-62.641,-62.567,-62.495,-62.423,-62.353,-62.283,-62.215,-62.147,-62.081,-62.015,-61.951,-61.887,-61.824,-61.763,-61.702,-61.642,-61.583,-61.525,-61.467,-61.411,-61.355,-61.3,-61.246,-61.193,-61.141,-61.089,-61.039,-60.988,-60.939,-60.891,-60.843,-60.796,-60.749,-60.704,-60.659,-60.614,-60.571,-60.528,-60.485,-60.444,-60.402,-60.362,-60.322,-60.283,-60.244,-60.206,-60.168,-60.131,-60.095,-60.059,-60.024,-59.989,-59.954,-59.92,-59.887,-59.854,-59.822,-59.79,-59.758,-59.727,-59.696,-59.666,-59.636,-59.607,-59.578,-59.55,-59.522,-59.494,-59.467,-59.44,-59.413,-59.387,-59.361,-59.335,-59.31,-59.285,-59.261,-59.237,-59.213,-59.189,-59.166,-59.143,-59.121,-59.099,-59.077,-59.055,-59.034,-59.013,-58.992,-58.971,-58.951,-58.931,-58.912,-58.892,-58.873,-58.854,-58.835,-58.816,-58.798,-58.78,-58.762,-58.744,-58.727,-58.709,-58.692,-58.675,-58.659,-58.642,-58.626,-58.61,-58.594,-58.579,-58.563,-58.548,-58.533,-58.518,-58.503,-58.488,-58.474,-58.459,-58.445,-58.431,-58.417,-58.404,-58.39,-58.377,-58.363,-58.35,-58.337,-58.324,-58.311,-58.299,-58.286,-58.274,-58.261,-58.249,-58.237,-58.225,-58.214,-58.202,-58.19,-58.179,-58.167,-58.156,-58.145,-58.134,-58.123,-58.112,-58.101,-58.09,-58.08,-58.069,-58.059,-58.049,-58.039,-58.028,-58.018,-58.008,-57.998,-57.988,-57.979,-57.969,-57.959,-57.95,-57.94,-57.931,-57.921,-57.912,-57.903,-57.894,-57.884,-57.875,-57.866,-57.857,-57.848,-57.839,-57.83,-57.821,-57.812,-57.804,-57.795,-57.787,-57.778,-57.77,-57.761,-57.753,-57.744,-57.736,-57.727,-57.719,-57.711,-57.703,-57.695,-57.687,-57.678,-57.67,-57.662,-57.654,-57.646,-57.638,-57.63,-57.622,-57.614,-57.606,-57.598,-57.59,-57.582,-57.575,-57.567,-57.559,-57.551,-57.544,-57.536,-57.528,-57.52,-57.513,-57.505,-57.497,-57.489,-57.482,-57.474,-57.466,-57.459,-57.451,-57.444,-57.436,-57.428,-57.421,-57.413,-57.406,-57.398,-57.391,-57.383,-57.376,-57.368,-57.36,-57.353,-57.345,-57.338,-57.33,-57.322,-57.315,-57.307,-57.3,-57.292,-57.284,-57.276,-57.269,-57.261,-57.253,-57.246,-57.238,-57.23,-57.223,-57.215,-57.207,-57.199,-57.191,-57.184,-57.176,-57.168,-57.16,-57.152,-57.144,-57.136,-57.128,-57.12,-57.112,-57.104,-57.095,-57.087,-57.079,-57.07,-57.062,-57.053,-57.045,-57.036,-57.028,-57.019,-57.01,-57.001,-56.992,-56.983,-56.974,-56.965,-56.956,-56.947,-56.937,-56.928,-56.918,-56.908,-56.898,-56.888,-56.878,-56.867,-56.857,-56.846,-56.835,-56.824,-56.813,-56.802,-56.79,-56.778,-56.765,-56.753,-56.739,-56.725,-56.711,-56.696,-56.681,-56.665,-56.648,-56.629,-56.609,-56.587,-56.561,-56.531,-56.495,-56.45,-56.39,-56.29,-55.726,-42.267,-25.514,9.4828,-16.19,-38.131,-64.14,-71.001,-73.451,-74.806,-75.63,-76.176,-76.48,-76.645,-76.712,-76.707,-76.646,-76.536,-76.392,-76.237,-76.067,-75.871,-75.681,-75.473,-75.266,-75.06,-74.853,-74.649,-74.447,-74.247,-74.054,-73.86,-73.671,-73.48,-73.295,-73.113,-72.934,-72.757,-72.581,-72.406,-72.236,-72.063,-71.897,-71.73,-71.568,-71.404,-71.244,-71.084,-70.927,-70.771,-70.616,-70.461,-70.309,-70.158,-70.007,-69.858,-69.707,-69.561,-69.414,-69.268,-69.128,-68.983,-68.84,-68.699,-68.558,-68.418,-68.281,-68.144,-68.009,-67.875,-67.742,-67.61,-67.479,-67.35,-67.222,-67.095,-66.969,-66.844,-66.721,-66.599,-66.478,-66.358,-66.24,-66.123,-66.006,-65.892,-65.779,-65.667,-65.555,-65.446,-65.337,-65.23,-65.125,-65.02,-64.917,-64.815,-64.714,-64.614,-64.516,-64.419,-64.323,-64.229,-64.135,-64.043,-63.952,-63.862,-63.774,-63.686,-63.6,-63.515,-63.431,-63.349,-63.267,-63.186,-63.107,-63.029,-62.952,-62.876,-62.801,-62.727,-62.654,-62.582,-62.512,-62.442,-62.373,-62.305,-62.239,-62.173,-62.108,-62.044,-61.981,-61.919,-61.858,-61.798,-61.739,-61.681,-61.623,-61.566,-61.511,-61.456,-61.401,-61.348,-61.295,-61.244,-61.193,-61.142,-61.093,-61.044,-60.996,-60.949,-60.902,-60.856,-60.811,-60.766,-60.722,-60.679,-60.636,-60.594,-60.553,-60.512,-60.472,-60.432,-60.393,-60.355,-60.317,-60.28,-60.243,-60.207,-60.171,-60.136,-60.101,-60.067,-60.033,-60.0,-59.967,-59.935,-59.903,-59.871,-59.84,-59.81,-59.78,-59.75,-59.72,-59.691,-59.663,-59.635,-59.607,-59.58,-59.553,-59.526,-59.5,-59.474,-59.448,-59.423,-59.398,-59.373,-59.349,-59.325,-59.302,-59.278,-59.255,-59.232,-59.21,-59.188,-59.166,-59.144,-59.123,-59.102,-59.081,-59.06,-59.04,-59.02,-59.0,-58.98,-58.961,-58.942,-58.923,-58.904,-58.886,-58.868,-58.85,-58.832,-58.814,-58.797,-58.78,-58.763,-58.746,-58.729,-58.713,-58.696,-58.68,-58.664,-58.648,-58.633,-58.617,-58.602,-58.587,-58.572,-58.557,-58.542,-58.528,-58.514,-58.499,-58.485,-58.471,-58.457,-58.444,-58.43,-58.417,-58.404,-58.39,-58.377,-58.364,-58.351,-58.339,-58.326,-58.313,-58.301,-58.289,-58.276,-58.264,-58.252,-58.24,-58.228,-58.217,-58.205,-58.194,-58.182,-58.171,-58.16,-58.148,-58.137,-58.126,-58.115,-58.105,-58.094,-58.083,-58.072,-58.061,-58.051,-58.041,-58.03,-58.02,-58.01,-58.0,-57.989,-57.979,-57.97,-57.96,-57.95,-57.94,-57.93,-57.921,-57.911,-57.901,-57.891,-57.882,-57.872,-57.863,-57.854,-57.844,-57.835,-57.826,-57.817,-57.807,-57.798,-57.789,-57.78,-57.771,-57.762,-57.753,-57.744,-57.735,-57.727,-57.718,-57.709,-57.7,-57.691,-57.683,-57.674,-57.665,-57.656,-57.648,-57.639,-57.63,-57.622,-57.613,-57.605,-57.596,-57.588,-57.579,-57.571,-57.562,-57.554,-57.545,-57.537,-57.529,-57.52,-57.512,-57.503,-57.495,-57.487,-57.478,-57.47,-57.462,-57.453,-57.445,-57.437,-57.428,-57.42,-57.412,-57.403,-57.395,-57.387,-57.378,-57.37,-57.361,-57.353,-57.344,-57.336,-57.328,-57.319,-57.311,-57.302,-57.294,-57.285,-57.276,-57.268,-57.259,-57.251,-57.242,-57.234,-57.225,-57.216,-57.207,-57.198,-57.19,-57.181,-57.172,-57.163,-57.155,-57.146,-57.137,-57.128,-57.119,-57.11,-57.101,-57.092,-57.083,-57.074,-57.064,-57.055,-57.045,-57.036,-57.026,-57.017,-57.007,-56.997,-56.987,-56.977,-56.967,-56.957,-56.946,-56.936,-56.926,-56.915,-56.904,-56.892,-56.881,-56.87,-56.858,-56.846,-56.834,-56.821,-56.808,-56.795,-56.782,-56.768,-56.753,-56.738,-56.723,-56.707,-56.69,-56.671,-56.652,-56.631,-56.608,-56.583,-56.552,-56.515,-56.464,-56.389,-56.241,-53.779,-37.886,3.9974,-2.2323,-23.163,-49.916,-67.796,-72.096,-74.017,-75.128,-75.823,-76.253,-76.5,-76.621,-76.656,-76.614,-76.522,-76.386,-76.248,-76.074,-75.864,-75.668,-75.464,-75.256,-75.044,-74.831,-74.623,-74.415,-74.208,-74.006,-73.806,-73.609,-73.415,-73.225,-73.037,-72.854,-72.673,-72.495,-72.316,-72.142,-71.969,-71.798,-71.63,-71.464,-71.299,-71.137,-70.975,-70.817,-70.659,-70.502,-70.344,-70.192,-70.036,-69.887,-69.738,-69.587,-69.439,-69.295,-69.149,-69.003,-68.861,-68.723,-68.582,-68.442,-68.304,-68.17,-68.033,-67.897,-67.764,-67.632,-67.503,-67.374,-67.245,-67.118,-66.993,-66.869,-66.745,-66.623,-66.503,-66.384,-66.266,-66.149,-66.034,-65.92,-65.807,-65.696,-65.586,-65.477,-65.369,-65.263,-65.158,-65.054,-64.952,-64.85,-64.75,-64.652,-64.554,-64.458,-64.363,-64.27,-64.177,-64.086,-63.996,-63.907,-63.82,-63.733,-63.648,-63.564,-63.481,-63.399,-63.318,-63.239,-63.16,-63.083,-63.007,-62.932,-62.858,-62.785,-62.713,-62.642,-62.572,-62.503,-62.435,-62.369,-62.303,-62.238,-62.174,-62.111,-62.049,-61.987,-61.927,-61.868,-61.809,-61.752,-61.695,-61.639,-61.584,-61.53,-61.476,-61.423,-61.371,-61.32,-61.27,-61.22,-61.171,-61.123,-61.075,-61.029,-60.983,-60.937,-60.892,-60.848,-60.805,-60.762,-60.72,-60.678,-60.637,-60.597,-60.557,-60.518,-60.479,-60.441,-60.403,-60.366,-60.33,-60.294,-60.258,-60.223,-60.188,-60.154,-60.121,-60.088,-60.055,-60.023,-59.991,-59.96,-59.929,-59.899,-59.869,-59.839,-59.81,-59.781,-59.753,-59.724,-59.697,-59.669,-59.642,-59.616,-59.589,-59.563,-59.538,-59.512,-59.487,-59.463,-59.438,-59.414,-59.39,-59.367,-59.344,-59.321,-59.298,-59.276,-59.254,-59.232,-59.21,-59.189,-59.168,-59.147,-59.127,-59.106,-59.086,-59.066,-59.047,-59.027,-59.008,-58.989,-58.97,-58.952,-58.933,-58.915,-58.897,-58.879,-58.862,-58.844,-58.827,-58.81,-58.793,-58.776,-58.76,-58.744,-58.727,-58.711,-58.696,-58.68,-58.664,-58.649,-58.634,-58.618,-58.603,-58.589,-58.574,-58.559,-58.545,-58.531,-58.516,-58.502,-58.488,-58.474,-58.46,-58.447,-58.433,-58.42,-58.407,-58.394,-58.381,-58.368,-58.355,-58.342,-58.33,-58.317,-58.304,-58.292,-58.28,-58.268,-58.256,-58.244,-58.232,-58.22,-58.208,-58.196,-58.185,-58.173,-58.162,-58.15,-58.139,-58.128,-58.117,-58.106,-58.094,-58.084,-58.073,-58.062,-58.051,-58.04,-58.03,-58.019,-58.008,-57.997,-57.987,-57.977,-57.966,-57.956,-57.946,-57.936,-57.926,-57.915,-57.905,-57.895,-57.885,-57.875,-57.865,-57.856,-57.846,-57.836,-57.826,-57.816,-57.807,-57.797,-57.787,-57.778,-57.768,-57.759,-57.749,-57.739,-57.73,-57.721,-57.711,-57.702,-57.692,-57.683,-57.673,-57.664,-57.655,-57.646,-57.636,-57.627,-57.618,-57.608,-57.599,-57.59,-57.58,-57.571,-57.562,-57.553,-57.544,-57.535,-57.525,-57.516,-57.507,-57.498,-57.489,-57.479,-57.47,-57.461,-57.452,-57.443,-57.434,-57.425,-57.415,-57.406,-57.397,-57.388,-57.379,-57.37,-57.361,-57.352,-57.343,-57.333,-57.324,-57.315,-57.305,-57.296,-57.287,-57.278,-57.268,-57.259,-57.25,-57.24,-57.231,-57.221,-57.212,-57.202,-57.192,-57.183,-57.173,-57.163,-57.154,-57.144,-57.134,-57.124,-57.114,-57.104,-57.094,-57.084,-57.074,-57.064,-57.053,-57.043,-57.033,-57.022,-57.012,-57.001,-56.99,-56.979,-56.968,-56.957,-56.946,-56.935,-56.924,-56.912,-56.9,-56.889,-56.877,-56.864,-56.851,-56.838,-56.825,-56.812,-56.798,-56.784,-56.77,-56.755,-56.739,-56.723,-56.706,-56.688,-56.669,-56.648,-56.626,-56.6,-56.573,-56.541,-56.505,-56.455,-56.375,-56.186,-51.229,-36.063,16.487,-6.1107,-26.173,-54.503,-68.757,-72.42,-74.172,-75.198,-75.839,-76.234,-76.447,-76.548,-76.569,-76.509,-76.402,-76.274,-76.122,-75.924,-75.712,-75.502,-75.298,-75.081,-74.865,-74.651,-74.437,-74.226,-74.014,-73.81,-73.607,-73.408,-73.21,-73.017,-72.827,-72.64,-72.454,-72.273,-72.093,-71.914,-71.741,-71.569,-71.399,-71.232,-71.066,-70.902,-70.74,-70.579,-70.421,-70.265,-70.111,-69.958,-69.804,-69.654,-69.505,-69.355,-69.207,-69.062,-68.918,-68.774,-68.633,-68.492,-68.353,-68.216,-68.079,-67.945,-67.811,-67.678,-67.546,-67.416,-67.288,-67.161,-67.035,-66.91,-66.787,-66.664,-66.543,-66.425,-66.306,-66.189,-66.073,-65.96,-65.847,-65.736,-65.625,-65.517,-65.409,-65.303,-65.198,-65.094,-64.992,-64.891,-64.791,-64.693,-64.596,-64.5,-64.405,-64.312,-64.219,-64.129,-64.039,-63.95,-63.863,-63.777,-63.692,-63.608,-63.526,-63.444,-63.364,-63.285,-63.207,-63.13,-63.054,-62.98,-62.906,-62.833,-62.762,-62.691,-62.622,-62.553,-62.486,-62.419,-62.354,-62.289,-62.225,-62.163,-62.101,-62.04,-61.98,-61.921,-61.863,-61.806,-61.749,-61.693,-61.639,-61.585,-61.531,-61.479,-61.427,-61.376,-61.326,-61.277,-61.228,-61.18,-61.133,-61.086,-61.04,-60.995,-60.95,-60.906,-60.863,-60.82,-60.778,-60.737,-60.696,-60.656,-60.616,-60.577,-60.538,-60.5,-60.463,-60.425,-60.389,-60.353,-60.318,-60.283,-60.248,-60.214,-60.18,-60.147,-60.115,-60.082,-60.051,-60.019,-59.988,-59.958,-59.928,-59.898,-59.869,-59.84,-59.811,-59.783,-59.755,-59.727,-59.7,-59.673,-59.647,-59.621,-59.595,-59.569,-59.544,-59.519,-59.495,-59.47,-59.446,-59.423,-59.399,-59.376,-59.353,-59.33,-59.308,-59.286,-59.264,-59.242,-59.221,-59.2,-59.179,-59.158,-59.138,-59.117,-59.097,-59.078,-59.058,-59.039,-59.02,-59.001,-58.982,-58.963,-58.945,-58.927,-58.909,-58.891,-58.873,-58.856,-58.838,-58.821,-58.804,-58.788,-58.771,-58.754,-58.738,-58.722,-58.706,-58.69,-58.674,-58.658,-58.643,-58.628,-58.612,-58.597,-58.582,-58.568,-58.553,-58.538,-58.524,-58.51,-58.495,-58.481,-58.467,-58.453,-58.439,-58.426,-58.412,-58.399,-58.385,-58.372,-58.359,-58.346,-58.333,-58.319,-58.307,-58.294,-58.281,-58.269,-58.256,-58.244,-58.232,-58.219,-58.207,-58.195,-58.183,-58.171,-58.159,-58.147,-58.135,-58.123,-58.112,-58.1,-58.088,-58.077,-58.065,-58.054,-58.042,-58.031,-58.02,-58.009,-57.998,-57.987,-57.976,-57.965,-57.954,-57.943,-57.932,-57.921,-57.911,-57.9,-57.889,-57.879,-57.868,-57.858,-57.847,-57.837,-57.826,-57.816,-57.805,-57.795,-57.784,-57.774,-57.764,-57.754,-57.743,-57.733,-57.723,-57.713,-57.703,-57.692,-57.682,-57.672,-57.662,-57.652,-57.642,-57.632,-57.622,-57.612,-57.602,-57.592,-57.582,-57.572,-57.563,-57.553,-57.543,-57.533,-57.523,-57.513,-57.503,-57.493,-57.483,-57.473,-57.463,-57.453,-57.443,-57.433,-57.423,-57.413,-57.403,-57.394,-57.384,-57.374,-57.364,-57.354,-57.344,-57.334,-57.324,-57.314,-57.304,-57.294,-57.284,-57.274,-57.263,-57.253,-57.243,-57.232,-57.222,-57.212,-57.201,-57.191,-57.181,-57.17,-57.16,-57.149,-57.138,-57.128,-57.117,-57.106,-57.095,-57.084,-57.073,-57.062,-57.051,-57.039,-57.028,-57.017,-57.005,-56.994,-56.982,-56.971,-56.958,-56.946,-56.934,-56.922,-56.91,-56.897,-56.883,-56.87,-56.857,-56.843,-56.828,-56.814,-56.799,-56.784,-56.768,-56.751,-56.734,-56.716,-56.697,-56.677,-56.656,-56.633,-56.608,-56.58,-56.548,-56.508,-56.461,-56.397,-56.291,-55.549,-41.531,-23.405,7.7661,-17.058,-39.487,-64.637,-71.059,-73.414,-74.71,-75.513,-76.005,-76.299,-76.452,-76.489,-76.446,-76.351,-76.219,-76.072,-75.907,-75.689,-75.47,-75.26,-75.045,-74.822,-74.597,-74.381,-74.162,-73.945,-73.736,-73.529,-73.323,-73.122,-72.926,-72.731,-72.539,-72.351,-72.167,-71.982,-71.803,-71.628,-71.454,-71.282,-71.113,-70.946,-70.781,-70.617,-70.456,-70.297,-70.139,-69.983,-69.829,-69.676,-69.525,-69.375,-69.226,-69.08,-68.934,-68.789,-68.645,-68.504,-68.365,-68.226,-68.09,-67.954,-67.823,-67.689,-67.556,-67.426,-67.297,-67.17,-67.043,-66.917,-66.795,-66.672,-66.551,-66.431,-66.313,-66.196,-66.081,-65.967,-65.854,-65.743,-65.633,-65.525,-65.417,-65.311,-65.206,-65.103,-65.001,-64.9,-64.801,-64.703,-64.606,-64.511,-64.416,-64.324,-64.232,-64.142,-64.052,-63.964,-63.877,-63.792,-63.708,-63.624,-63.542,-63.461,-63.382,-63.303,-63.226,-63.149,-63.074,-63.0,-62.927,-62.855,-62.784,-62.713,-62.645,-62.577,-62.51,-62.444,-62.379,-62.315,-62.252,-62.189,-62.128,-62.068,-62.008,-61.95,-61.892,-61.835,-61.779,-61.724,-61.669,-61.616,-61.563,-61.511,-61.459,-61.409,-61.359,-61.31,-61.262,-61.214,-61.167,-61.121,-61.075,-61.03,-60.986,-60.942,-60.899,-60.857,-60.815,-60.774,-60.733,-60.693,-60.653,-60.614,-60.576,-60.538,-60.5,-60.464,-60.427,-60.391,-60.356,-60.321,-60.287,-60.253,-60.219,-60.186,-60.153,-60.121,-60.089,-60.058,-60.027,-59.997,-59.967,-59.937,-59.907,-59.878,-59.85,-59.822,-59.794,-59.766,-59.739,-59.712,-59.685,-59.659,-59.633,-59.607,-59.582,-59.557,-59.532,-59.508,-59.484,-59.46,-59.436,-59.413,-59.39,-59.367,-59.344,-59.322,-59.3,-59.278,-59.256,-59.235,-59.214,-59.193,-59.172,-59.152,-59.131,-59.111,-59.091,-59.072,-59.052,-59.033,-59.014,-58.995,-58.976,-58.958,-58.939,-58.921,-58.903,-58.885,-58.867,-58.85,-58.833,-58.815,-58.798,-58.781,-58.765,-58.748,-58.731,-58.715,-58.699,-58.683,-58.667,-58.651,-58.635,-58.62,-58.605,-58.589,-58.574,-58.559,-58.544,-58.529,-58.515,-58.5,-58.485,-58.471,-58.457,-58.442,-58.428,-58.414,-58.4,-58.386,-58.373,-58.359,-58.346,-58.332,-58.319,-58.306,-58.292,-58.279,-58.266,-58.253,-58.24,-58.227,-58.215,-58.202,-58.189,-58.177,-58.164,-58.152,-58.14,-58.127,-58.115,-58.103,-58.091,-58.079,-58.067,-58.055,-58.043,-58.031,-58.019,-58.007,-57.996,-57.984,-57.972,-57.961,-57.949,-57.938,-57.926,-57.915,-57.904,-57.892,-57.881,-57.87,-57.858,-57.847,-57.836,-57.825,-57.814,-57.803,-57.792,-57.781,-57.77,-57.759,-57.748,-57.737,-57.726,-57.715,-57.704,-57.694,-57.683,-57.672,-57.661,-57.651,-57.64,-57.63,-57.619,-57.608,-57.598,-57.587,-57.576,-57.566,-57.555,-57.544,-57.533,-57.523,-57.512,-57.501,-57.491,-57.48,-57.469,-57.459,-57.448,-57.437,-57.426,-57.416,-57.405,-57.395,-57.384,-57.373,-57.363,-57.352,-57.341,-57.33,-57.319,-57.309,-57.298,-57.287,-57.276,-57.265,-57.254,-57.243,-57.232,-57.22,-57.209,-57.198,-57.187,-57.176,-57.165,-57.153,-57.142,-57.131,-57.119,-57.108,-57.096,-57.084,-57.072,-57.061,-57.049,-57.037,-57.025,-57.013,-57.001,-56.988,-56.976,-56.963,-56.95,-56.937,-56.924,-56.911,-56.898,-56.884,-56.87,-56.855,-56.84,-56.825,-56.81,-56.793,-56.777,-56.76,-56.742,-56.723,-56.703,-56.683,-56.661,-56.637,-56.611,-56.581,-56.548,-56.507,-56.458,-56.391,-56.272,-55.026,-40.125,-16.488,3.9058,-19.217