0.0078125,1000.0,1000.0546875,1000.15625,1000.3125,1000.5234375,1000.78125,1001.0703125,1001.3828125,1001.703125,1002.3125,1002.625,1002.9375,1003.25,1003.5625,1003.8828125,1004.203125,1004.5703125,1004.9453125,1005.34375,1005.7578125,1006.1328125,1006.5546875,1008.1796875,1008.90625,1009.6875,1010.4296875,1011.1875,1012.0,1012.8125,1014.4765625,1015.2109375,1015.9921875,1016.7265625,1017.1796875,1017.625,1018.0625,1018.5,1019.265625,1020.328125,1020.5546875,1020.6484375,1020.71875,1020.765625,1020.8046875,1020.8515625,1020.9140625,1020.9765625,1021.1171875,1021.1875,1021.3515625,1021.4296875,1021.484375,1021.5234375,1021.640625,1021.6640625,1021.6953125,1021.71875,1021.75,1021.8828125,1021.9765625,1022.359375,1022.640625,1022.7734375,1022.9296875,1023.078125,1023.25,1023.34375,1023.453125,1023.5703125,1023.6953125,1023.828125,1023.9765625,1024.1328125,1024.3046875,1024.4921875,1024.6953125,1024.921875,1025.171875,1025.328125,1025.4921875,1025.671875,1025.859375,1026.0625,1026.2734375,1026.734375,1027.265625,1027.8359375,1028.4296875,1029.03125,1029.4921875,1029.953125,1030.421875,1030.9140625,1031.8125,1033.9921875,1034.625,1035.2109375,1035.8671875,1036.515625,1037.1796875,1037.8828125,1038.3671875,1038.8984375,1040.171875,1044.0546875,1047.3984375,1048.4765625,1049.7109375,1052.0234375,1052.9453125,1053.6640625,1054.3828125,1056.4609375,1057.1171875,1057.78125,1058.390625,1058.875,1059.359375,1059.84375,1060.34375,1061.234375,1063.1796875,1063.6640625,1064.1015625,1064.546875,1064.984375,1065.4140625,1065.8359375,1066.1953125,1066.5546875,1066.9296875,1067.3203125,1068.0703125,1069.5703125,1070.2265625,1070.9375,1071.625,1072.2890625,1073.0,1073.6640625,1075.3203125,1076.234375,1076.71875,1077.1875,1077.6484375,1078.109375,1078.5703125,1079.0390625,1079.53125,1080.046875,1081.1953125,1084.09375,1085.5078125,1086.25,1086.953125,1087.6171875,1088.2734375,1089.046875,1089.859375,1090.6484375,1092.7109375,1093.3515625,1093.953125,1094.5625,1095.1953125,1097.78125,1098.4453125,1099.0703125,1099.765625,1100.4921875,1101.15625,1102.625,1103.3203125,1103.9609375,1104.5703125,1105.21875,1105.890625,1106.515625,1107.8984375,1108.5703125,1109.2265625,1109.8359375,1110.3828125,1110.921875,1111.46875,1112.03125,1112.5234375,1113.0625,1115.0078125,1115.84375,1116.296875,1116.7421875,1117.1796875,1117.6171875,1118.2890625,1119.015625,1119.703125,1121.6796875,1122.34375,1123.0,1123.890625,1125.984375,1127.625,1127.953125,1128.1484375,1128.21875,1128.265625,1128.3046875,1128.328125,1128.4140625,1128.4609375,1128.6171875,1128.8359375,1128.90625,1128.96875,1129.015625,1129.140625,1129.171875,1129.203125,1129.2265625,1129.2578125,1129.3984375,1129.5,1129.8515625,1130.1328125,1130.2734375,1130.359375,1130.453125,1130.6171875,1130.8046875,1130.90625,1131.0234375,1131.1484375,1131.2890625,1131.4375,1131.59375,1131.7734375,1131.9609375,1132.171875,1132.28125,1132.3984375,1132.5234375,1132.6484375,1132.78125,1132.9140625,1133.1953125,1133.5078125,1133.84375,1134.2265625,1134.6015625,1135.046875,1136.625,1137.3046875,1137.9296875,1138.546875,1139.1171875,1139.7421875,1142.1328125,1143.2578125,1144.40625,1146.8828125,1147.546875,1148.15625,1148.7578125,1149.328125,1149.890625,1150.4375,1150.984375,1151.53125,1152.078125,1152.625,1153.1484375,1153.6875,1154.2421875,1154.8203125,1155.359375,1155.953125,1158.1640625,1159.109375,1159.625,1160.125,1160.609375,1161.09375,1161.5703125,1162.0546875,1162.5546875,1163.078125,1164.03125,1166.375,1167.0390625,1167.640625,1168.296875,1168.921875,1169.53125,1170.125,1170.765625,1171.40625,1172.0703125,1172.7578125,1173.3515625,1174.0,1175.9765625,1176.6171875,1177.21875,1177.765625,1178.3203125,1178.84375,1179.359375,1179.859375,1180.3359375,1180.8203125,1181.3125,1181.8203125,1182.2890625,1182.796875,1184.671875,1185.4765625,1185.921875,1186.34375,1186.7578125,1187.1640625,1187.515625,1187.875,1188.2421875,1188.6328125,1189.3671875,1190.796875,1191.4140625,1192.0859375,1192.7265625,1193.3515625,1194.0234375,1194.6484375,1196.1328125,1196.90625,1197.6875,1198.4140625,1199.0546875,1199.6953125,1200.3515625,1201.8125,1202.5078125,1203.2578125,1203.984375,1204.6953125,1205.4609375,1206.1796875,1207.90625,1208.828125,1209.296875,1209.75,1210.1953125,1210.6328125,1211.1171875,1211.6328125,1213.9609375,1214.578125,1215.1640625,1215.7421875,1216.3515625,1218.8515625,1219.4609375,1220.0390625,1220.671875,1221.3359375,1221.9765625,1223.5625,1224.4296875,1224.9140625,1225.375,1225.8203125,1226.2578125,1226.8515625,1227.4453125,1228.046875,1228.6875,1229.328125,1230.078125,1231.9609375,1232.5,1232.6484375,1232.75,1232.8125,1232.8515625,1232.921875,1232.984375,1233.0234375,1233.0859375,1233.1484375,1233.3984375,1233.4609375,1233.5078125,1233.640625,1233.671875,1233.703125,1233.7265625,1233.7578125,1233.90625,1234.0234375,1234.359375,1234.6484375,1234.7265625,1234.8125,1234.9140625,1235.03125,1235.1640625,1235.3203125,1235.4921875,1235.6953125,1235.8046875,1235.9296875,1236.0546875,1236.1953125,1236.40625,1236.5234375,1236.640625,1236.765625,1236.8984375,1237.0390625,1237.1796875,1237.328125,1237.4921875,1237.6640625,1237.84375,1238.0390625,1238.2421875,1238.6953125,1239.2890625,1240.0078125,1240.9453125,1243.4765625,1244.8125,1245.875,1249.2734375,1253.34375,1254.2421875,1255.0703125,1255.796875,1256.515625,1257.2578125,1258.0390625,1259.0546875,1260.2265625,1261.359375,1263.203125,1263.640625,1263.8515625,1264.0,1264.1015625,1264.1640625,1264.21875,1264.2734375,1264.3203125,1264.3515625,1264.5,1264.7265625,1264.8046875,1264.8515625,1264.8984375,1265.0234375,1265.0546875,1265.0703125,1265.0859375,1265.109375,1265.140625,1265.28125,1265.375,1265.734375,1266.0234375,1266.1015625,1266.1796875,1266.2734375,1266.3828125,1266.5546875,1266.65625,1266.765625,1266.8828125,1267.015625,1267.15625,1267.3125,1267.4765625,1267.6640625,1267.8671875,1268.09375,1268.3359375,1268.46875,1268.609375,1268.75,1268.90625,1269.0703125,1269.2421875,1269.4765625,1269.734375,1270.015625,1270.328125,1271.0703125,1272.078125,1273.5625,1274.90625,1276.109375,1277.3125,1278.53125,1281.8515625,1283.0390625,1285.7734375,1286.609375,1287.3828125,1288.09375,1288.84375,1292.421875,1292.6484375,1292.8046875,1292.90625,1292.96875,1293.015625,1293.0703125,1293.109375,1293.140625,1293.2734375,1293.4921875,1293.5703125,1293.65625,1293.7734375,1293.796875,1293.8125,1293.828125,1293.875,1294.0078125,1294.1015625,1294.4921875,1294.765625,1294.8984375,1294.96875,1295.0546875,1295.203125,1295.375,1295.4765625,1295.5859375,1295.703125,1295.828125,1295.96875,1296.1171875,1296.28125,1296.453125,1296.640625,1296.8515625,1297.078125,1297.203125,1297.328125,1297.5,1297.6875,1297.8828125,1298.09375,1298.3203125,1298.5546875,1299.078125,1299.578125,1300.1640625,1302.5078125,1303.046875,1303.53125,1304.0859375,1304.609375,1305.125,1305.640625,1306.0234375,1306.4140625,1306.8125,1307.234375,1308.015625,1310.0625,1310.6953125,1311.2890625,1311.9140625,1312.5703125,1313.203125,1314.8046875,1315.703125,1316.2109375,1316.6953125,1317.1796875,1317.6640625,1318.1796875,1318.7265625,1319.3515625,1320.71875,1321.3359375,1322.0,1322.6328125,1323.28125,1323.9609375,1324.59375,1326.0703125,1326.8203125,1327.578125,1327.9375,1328.2890625,1328.71875,1329.1484375,1329.5859375,1330.03125,1330.484375,1330.984375,1333.078125,1334.0546875,1334.6015625,1335.140625,1335.671875,1336.203125,1336.734375,1337.2890625,1337.875,1338.5,1339.6640625,1342.2890625,1343.46875,1343.984375,1344.46875,1344.9375,1345.3828125,1346.0,1346.609375,1347.21875,1347.8359375,1348.3671875,1348.9375,1350.71875,1351.3359375,1351.9296875,1352.46875,1353.0078125,1353.53125,1354.046875,1354.5625,1355.09375,1355.6328125,1356.1953125,1356.7890625,1357.3515625,1357.9765625,1361.0859375,1361.9375,1362.7265625,1363.578125,1364.3671875,1365.1015625,1365.7890625,1366.375,1366.953125,1367.5234375,1368.09375,1368.625,1369.203125,1369.78125,1371.328125,1371.8046875,1372.234375,1372.7421875,1373.2265625,1373.7109375,1374.1953125,1374.75,1375.3515625,1375.9765625,1377.8203125,1378.4296875,1379.0078125,1379.59375,1380.203125,1382.0625,1382.7109375,1383.3671875,1383.9765625,1384.3984375,1384.8203125,1385.25,1385.703125,1386.234375,1386.7578125,1387.140625,1387.390625,1387.484375,1387.5546875,1387.6015625,1387.6328125,1387.7109375,1387.765625,1387.921875,1388.1328125,1388.1953125,1388.25,1388.2890625,1388.421875,1388.453125,1388.46875,1388.4921875,1388.515625,1388.546875,1388.6875,1388.7890625,1389.1484375,1389.4140625,1389.546875,1389.6953125,1389.8359375,1390.0,1390.1875,1390.2890625,1390.40625,1390.53125,1390.6640625,1390.8046875,1390.9609375,1391.1328125,1391.3125,1391.5078125,1391.7265625,1391.8671875,1392.015625,1392.171875,1392.3359375,1392.5078125,1392.6953125,1392.8828125,1393.0859375,1393.515625,1393.9765625,1394.453125,1394.9453125,1395.3359375,1395.734375,1396.1484375,1396.578125,1397.359375,1399.1875,1399.6875,1400.140625,1400.640625,1401.125,1401.6015625,1402.0859375,1402.4140625,1402.7578125,1403.109375,1403.484375,1404.1640625,1405.4453125,1405.984375,1406.5390625,1407.0703125,1407.6328125,1408.2265625,1408.8203125,1410.375,1410.84375,1411.2734375,1411.78125,1412.265625,1412.7421875,1413.21875,1413.609375,1414.0078125,1414.421875,1414.859375,1415.640625,1417.5078125,1418.390625,1419.1640625,1421.03125,1421.9609375,1422.8984375,1424.7265625,1425.4765625,1426.2578125,1427.0,1427.5625,1428.1484375,1430.59375,1431.1875,1431.7421875,1432.3203125,1432.921875,1434.7734375,1435.421875,1436.09375,1436.71875,1437.4453125,1438.1953125,1438.8984375,1440.4921875,1441.2890625,1441.703125,1442.09375,1442.4765625,1442.84375,1443.1953125,1443.546875,1443.90625,1444.28125,1444.65625,1445.0625,1446.796875,1447.609375,1448.0625,1448.5,1448.9296875,1449.3671875,1450.0390625,1450.7734375,1451.5,1453.0625,1453.7890625,1454.59375,1455.390625,1456.0625,1456.8203125,1459.7265625,1461.34375,1462.6796875,1463.734375,1464.5078125,1465.2109375,1465.8828125,1466.5390625,1467.125,1467.75,1469.75,1470.4765625,1470.875,1471.25,1471.609375,1471.9609375,1472.359375,1472.75,1473.1484375,1473.5625,1473.9296875,1474.3359375,1475.703125,1476.2421875,1476.796875,1477.3125,1477.609375,1477.90625,1478.203125,1478.4921875,1478.78125,1479.078125,1479.375,1479.6796875,1480.2265625,1480.828125,1482.7109375,1483.8515625,1484.09375,1484.265625,1484.359375,1484.40625,1484.4453125,1484.515625,1484.5546875,1484.6875,1484.921875,1485.0,1485.0859375,1485.203125,1485.2265625,1485.2578125,1485.28125,1485.3125,1485.453125,1485.5546875,1485.921875,1486.2109375,1486.2890625,1486.375,1486.4765625,1486.59375,1486.6875,1486.7890625,1486.8984375,1487.015625,1487.1484375,1487.2890625,1487.4453125,1487.6171875,1487.8046875,1488.015625,1488.2421875,1488.3671875,1488.4921875,1488.6328125,1488.7734375,1488.921875,1489.078125,1489.2421875,1489.4140625,1489.796875,1490.234375,1490.75,1491.4140625,1493.140625,1494.0078125,1494.9921875,1497.078125,1498.0859375,1498.734375,1499.40625,1501.4296875,1502.140625,1502.890625,1503.2421875,1503.5859375,1504.0546875,1504.515625,1504.984375,1505.4765625,1505.890625,1506.3515625,1507.796875,1508.3125,1508.8046875,1509.265625,1509.71875,1510.15625,1510.59375,1511.03125,1511.3671875,1511.7109375,1512.4453125,1513.125,1514.734375,1515.546875,1516.0078125,1516.46875,1517.765625,1517.953125,1518.015625,1518.0546875,1518.1015625,1518.15625,1518.203125,1518.234375,1518.375,1518.59375,1518.671875,1518.7265625,1518.765625,1518.8828125,1518.90625,1518.9375,1518.9609375,1518.9921875,1519.125,1519.21875,1519.6015625,1519.8828125,1520.0078125,1520.1640625,1520.3046875,1520.4765625,1520.5703125,1520.6796875,1520.7890625,1520.9140625,1521.046875,1521.1875,1521.34375,1521.5078125,1521.6875,1521.890625,1522.1015625,1522.21875,1522.3359375,1522.4765625,1522.6171875,1522.765625,1522.921875,1523.265625,1523.6484375,1524.078125,1524.578125,1526.5078125,1527.4140625,1528.296875,1529.1875,1529.8203125,1530.5234375,1533.109375,1534.3125,1535.453125,1537.7421875,1538.71875,1539.78125,1540.8125,1541.53125,1542.3125,1544.921875,1546.0234375,1547.234375,1549.390625,1550.265625,1551.234375,1552.1484375,1552.8203125,1553.5234375,1554.28125,1555.15625,1556.5234375,1558.046875,1560.5625,1560.734375,1560.8515625,1560.9375,1560.9921875,1561.046875,1561.09375,1561.15625,1561.1953125,1561.3515625,1561.421875,1561.5859375,1561.671875,1561.71875,1561.765625,1561.890625,1561.921875,1561.953125,1561.984375,1562.015625,1562.171875,1562.296875,1562.609375,1562.8984375,1562.9921875,1563.0859375,1563.1953125,1563.3203125,1563.46875,1563.6328125,1563.8203125,1564.03125,1564.1484375,1564.2734375,1564.40625,1564.546875,1564.75,1564.859375,1564.96875,1565.0859375,1565.2109375,1565.3359375,1565.46875,1565.609375,1565.75,1565.8984375,1566.0546875,1566.3828125,1566.734375,1567.03125,1567.34375,1567.6796875,1568.046875,1568.75,1570.125,1570.7109375,1571.3203125,1571.8828125,1572.203125,1572.5234375,1572.84375,1573.1640625,1573.484375,1573.8125,1574.15625,1574.5078125,1574.890625,1575.3125,1577.203125,1577.6875,1578.1484375,1578.640625,1579.1640625,1580.8203125,1581.4296875,1582.078125,1582.6640625,1583.09375,1583.515625,1583.9375,1584.3671875,1584.765625,1585.1953125,1586.765625,1587.4296875,1587.796875,1588.140625,1588.4765625,1588.8125,1589.2265625,1589.640625,1590.0625,1590.5078125,1591.015625,1591.5625,1592.1171875,1592.4921875,1592.609375,1592.6953125,1592.75,1592.78125,1592.8515625,1592.90625,1592.9453125,1593.0078125,1593.0703125,1593.265625,1593.3203125,1593.375,1593.421875,1593.5546875,1593.5859375,1593.6171875,1593.640625,1593.671875,1593.8125,1593.9140625,1594.28125,1594.5546875,1594.6875,1594.8359375,1594.9765625,1595.1484375,1595.34375,1595.453125,1595.578125,1595.7109375,1595.8515625,1596.0078125,1596.171875,1596.3515625,1596.5546875,1596.7734375,1597.0078125,1597.1484375,1597.2890625,1597.4375,1597.59375,1597.9296875,1598.296875,1598.6875,1599.1015625,1599.5234375,1599.9609375,1600.3125,1600.6796875,1601.0546875,1601.453125,1602.1796875,1603.921875,1604.40625,1604.8515625,1605.3515625,1605.8359375,1606.3125,1606.796875,1607.1328125,1607.46875,1607.8203125,1608.1953125,1608.5546875,1608.953125,1610.9296875,1611.46875,1611.9765625,1612.484375,1613.0234375,1615.0859375,1615.5078125,1615.890625,1616.234375,1616.5625,1616.890625,1617.2109375,1617.53125,1617.8515625,1618.171875,1618.5,1619.140625,1619.8515625,1620.5078125,1622.1875,1623.109375,1623.9140625,1624.734375,1625.3671875,1626.0234375,1626.703125,1627.3671875,1627.984375,1628.5703125,1629.125,1629.6484375,1630.3046875,1630.9453125,1631.578125,1632.2265625,1632.7890625,1633.3984375,1635.5,1636.3515625,1637.265625,1637.703125,1638.140625,1638.859375,1639.625,1640.34375,1642.3828125,1643.046875,1643.7109375,1646.3984375,1647.9921875,1648.1484375,1648.265625,1648.34375,1648.40625,1648.4453125,1648.4765625,1648.5234375,1648.59375,1648.6328125,1648.78125,1648.8515625,1649.015625,1649.09375,1649.140625,1649.1875,1649.3203125,1649.34375,1649.375,1649.390625,1649.40625,1649.4375,1649.59375,1649.71875,1650.03125,1650.3203125,1650.40625,1650.5,1650.6015625,1650.7265625,1650.8671875,1651.0234375,1651.203125,1651.40625,1651.515625,1651.6328125,1651.7578125,1651.8984375,1652.0234375,1652.15625,1652.2890625,1652.4375,1652.59375,1652.7578125,1652.9375,1653.125,1653.3203125,1653.53125,1653.75,1653.984375,1654.234375,1654.4921875,1654.765625,1655.046875,1655.53125,1656.046875,1656.59375,1657.171875,1658.2421875,1660.1171875,1660.8359375,1661.5625,1662.234375,1662.96875,1663.6796875,1664.390625,1664.75,1665.109375,1665.6171875,1666.1484375,1666.6953125,1667.28125,1667.7734375,1668.3203125,1670.265625,1671.0859375,1671.9296875,1672.7421875,1673.609375,1674.4140625,1674.984375,1675.171875,1675.3125,1675.3984375,1675.453125,1675.515625,1675.59375,1675.640625,1675.796875,1676.0078125,1676.078125,1676.1328125,1676.1796875,1676.3125,1676.3359375,1676.3671875,1676.390625,1676.421875,1676.5703125,1676.6953125,1677.0234375,1677.3203125,1677.4140625,1677.515625,1677.625,1677.7578125,1677.9140625,1678.0859375,1678.2890625,1678.3984375,1678.515625,1678.640625,1678.7734375,1678.921875,1679.078125,1679.2890625,1679.40625,1679.5234375,1679.6484375,1679.78125,1679.921875,1680.0703125,1680.21875,1680.3828125,1680.734375,1681.125,1681.5703125,1682.1171875,1682.7578125,1683.4921875,1684.296875,1685.78125,1688.7578125,1689.5234375,1690.203125,1690.640625,1691.0625,1691.4765625,1691.8828125,1692.28125,1692.6796875,1693.0703125,1693.46875,1693.9453125,1694.4296875,1694.9375,1695.46875,1695.9375,1696.453125,1698.5234375,1699.5,1700.0390625,1700.5703125,1701.1015625,1701.640625,1702.609375,1703.703125,1704.75,1707.59375,1709.1796875,1709.9296875,1710.625,1711.2890625,1711.9296875,1712.453125,1712.96875,1713.4921875,1714.03125,1715.0,1717.109375,1718.0859375,1718.5546875,1719.0,1719.4296875,1719.8515625,1720.53125,1721.203125,1721.8828125,1722.5859375,1723.390625,1724.125,1724.3828125,1724.578125,1724.71875,1724.8125,1724.859375,1724.890625,1724.9375,1725.0078125,1725.046875,1725.1875,1725.4140625,1725.484375,1725.5390625,1725.578125,1725.703125,1725.734375,1725.75,1725.765625,1725.7890625,1725.8203125,1725.9609375,1726.0625,1726.421875,1726.71875,1726.8046875,1726.890625,1726.9921875,1727.109375,1727.203125,1727.3046875,1727.4140625,1727.53125,1727.6640625,1727.8046875,1727.9609375,1728.140625,1728.328125,1728.5390625,1728.6484375,1728.765625,1728.890625,1729.015625,1729.1484375,1729.2890625,1729.4375,1729.6015625,1729.765625,1729.9453125,1730.3359375,1730.859375,1731.5234375,1732.4453125,1733.6484375,1734.671875,1735.6328125,1738.3359375,1739.2265625,1739.7421875,1740.2265625,1740.6953125,1741.1484375,1741.6328125,1742.125,1742.625,1743.140625,1744.1015625,1746.03125,1746.8984375,1747.84375,1748.78125,1749.5234375,1750.375,1752.1171875,1753.046875,1753.390625,1753.609375,1753.7421875,1753.8203125,1753.8671875,1753.921875,1753.9921875,1754.1328125,1754.3515625,1754.4296875,1754.4765625,1754.5234375,1754.640625,1754.6640625,1754.6953125,1754.71875,1754.75,1754.8984375,1755.0078125,1755.359375,1755.6484375,1755.7265625,1755.8046875,1755.8984375,1756.0078125,1756.1328125,1756.28125,1756.4453125,1756.625,1756.828125,1756.9453125,1757.0625,1757.25,1757.4609375,1757.5703125,1757.6875,1757.8125,1757.9453125,1758.0859375,1758.2265625,1758.375,1758.5390625,1758.703125,1758.8828125,1759.28125,1759.5703125,1759.8984375,1760.734375,1762.5,1765.671875,1766.7421875,1768.71875,1769.4609375,1770.28125,1771.046875,1771.546875,1772.0546875,1772.5703125,1773.109375,1774.046875,1775.84375,1776.6484375,1777.53125,1778.4296875,1779.109375,1779.515625,1779.6484375,1779.7421875,1779.8046875,1779.8515625,1779.8984375,1779.9609375,1780.0,1780.03125,1780.1640625,1780.234375,1780.390625,1780.46875,1780.515625,1780.5625,1780.6796875,1780.703125,1780.734375,1780.7578125,1780.7890625,1780.9296875,1781.03125,1781.3984375,1781.6875,1781.8359375,1781.921875,1782.015625,1782.1796875,1782.2734375,1782.375,1782.484375,1782.609375,1782.7421875,1782.8828125,1783.0390625,1783.203125,1783.390625,1783.59375,1783.8125,1783.9296875,1784.0546875,1784.1875,1784.3203125,1784.46875,1784.6171875,1784.90625,1785.21875,1785.5625,1785.9453125,1786.359375,1786.8046875,1787.2734375,1787.765625,1788.328125,1788.9375,1791.640625,1792.3203125,1792.9609375,1793.59375,1794.2578125,1796.3515625,1797.125,1797.90625,1798.6953125,1799.8203125,1801.6171875,1801.828125,1801.96875,1802.0625,1802.1171875,1802.1640625,1802.21875,1802.28125,1802.40625,1802.625,1802.6953125,1802.7421875,1802.78125,1802.8984375,1802.921875,1802.953125,1802.9765625,1803.0,1803.1328125,1803.2265625,1803.6171875,1803.8984375,1804.03125,1804.1015625,1804.1875,1804.3359375,1804.5078125,1804.609375,1804.71875,1804.8359375,1804.9609375,1805.1015625,1805.25,1805.4140625,1805.59375,1805.7890625,1806.0,1806.1171875,1806.234375,1806.359375,1806.4921875,1806.7421875,1807.0078125,1807.296875,1807.6171875,1807.9609375,1808.328125,1808.7265625,1809.1484375,1809.8671875,1810.671875,1811.453125,1813.515625,1814.140625,1814.71875,1815.3828125,1816.03125,1816.6796875,1817.328125,1818.03125,1818.734375,1819.421875,1820.09375,1820.7421875,1821.3671875,1821.9765625,1822.578125,1823.0234375,1823.46875,1823.921875,1824.3828125,1824.7890625,1825.2265625,1826.8125,1827.484375,1828.203125,1828.8828125,1829.5546875,1830.2734375,1830.9453125,1832.5859375,1833.046875,1833.4609375,1833.9296875,1834.3671875,1834.7890625,1835.1875,1835.5234375,1835.8515625,1836.1953125,1836.5625,1837.3125,1839.2109375,1840.171875,1840.7109375,1841.2578125,1841.8203125,1842.40625,1843.28125,1844.2734375,1845.3125,1846.234375,1846.9765625,1847.65625,1848.296875,1848.9140625,1849.328125,1849.7421875,1850.1640625,1850.5859375,1851.46875,1852.4453125,1853.703125,1855.2265625,1856.65625,1859.0703125,1860.015625,1860.6015625,1861.140625,1861.6484375,1862.125,1862.625,1863.1015625,1863.546875,1864.0,1864.390625,1864.84375,1866.3515625,1866.90625,1867.4453125,1867.9375,1868.40625,1868.859375,1869.3125,1869.7578125,1870.21875,1870.6875,1871.1796875,1871.703125,1872.3515625,1873.140625,1874.0078125,1874.2578125,1874.4296875,1874.5234375,1874.59375,1874.640625,1874.671875,1874.75,1874.796875,1874.953125,1875.1484375,1875.2109375,1875.265625,1875.3046875,1875.4375,1875.46875,1875.5,1875.5234375,1875.5546875,1875.6953125,1875.7890625,1876.1640625,1876.4375,1876.5703125,1876.6484375,1876.734375,1876.8828125,1877.0625,1877.1640625,1877.2734375,1877.390625,1877.515625,1877.65625,1877.8046875,1877.96875,1878.1484375,1878.34375,1878.5546875,1878.671875,1878.7890625,1878.9140625,1879.0390625,1879.25,1879.4765625,1879.71875,1879.9765625,1880.2578125,1880.5625,1880.8984375,1881.265625,1881.8203125,1882.46875,1885.6484375,1886.5546875,1887.4453125,1888.59375,1889.828125,1891.046875,1892.1484375,1892.90625,1893.625,1894.328125,1895.0234375,1896.265625,1898.296875,1898.7890625,1898.9765625,1899.109375,1899.1875,1899.2421875,1899.2890625,1899.34375,1899.40625,1899.546875,1899.7734375,1899.8515625,1899.9375,1900.0546875,1900.0859375,1900.1015625,1900.1171875,1900.1640625,1900.3203125,1900.4375,1900.7734375,1901.078125,1901.171875,1901.28125,1901.40625,1901.546875,1901.7109375,1901.90625,1902.0078125,1902.125,1902.25,1902.3828125,1902.5234375,1902.6796875,1902.84375,1903.0234375,1903.1484375,1903.28125,1903.421875,1903.5625,1903.71875,1903.8828125,1904.0625,1904.25,1904.6640625,1905.140625,1905.71875,1906.4140625,1907.1796875,1907.9375,1908.6484375,1909.3359375,1909.9140625,1910.5234375,1912.9921875,1913.6015625,1914.15625,1914.796875,1915.4296875,1916.0625,1916.7109375,1917.3125,1917.9765625,1918.6015625,1920.3046875,1921.3515625,1922.3671875,1924.8359375,1925.5859375,1926.2890625,1927.1875,1928.125,1929.0234375,1930.7578125,1931.5078125,1932.3203125,1933.09375,1933.6328125,1934.15625,1934.6484375,1935.0546875,1935.328125,1935.515625,1935.640625,1935.71875,1935.7734375,1935.8203125,1935.875,1935.9140625,1936.0625,1936.2890625,1936.3671875,1936.4140625,1936.4609375,1936.5859375,1936.6171875,1936.6484375,1936.671875,1936.703125,1936.859375,1936.9765625,1937.3046875,1937.59375,1937.6796875,1937.765625,1937.8671875,1937.984375,1938.1171875,1938.265625,1938.4375,1938.625,1938.734375,1938.84375,1938.9609375,1939.0859375,1939.3046875,1939.4296875,1939.5546875,1939.6875,1939.828125,1939.9765625,1940.1328125,1940.296875,1940.4765625,1940.6640625,1940.8671875,1941.078125,1941.3125,1941.84375,1942.59375,1943.5859375,1944.7421875,1945.8125,1946.6171875,1947.4296875,1949.8359375,1950.640625,1951.4921875,1952.2734375,1952.71875,1953.1640625,1953.6171875,1954.0859375,1954.953125,1956.515625,1957.140625,1957.796875,1958.4140625,1959.140625,1959.8828125,1960.6796875,1961.40625,1961.671875,1961.8515625,1961.96875,1962.03125,1962.078125,1962.1328125,1962.1953125,1962.3203125,1962.5546875,1962.640625,1962.7109375,1962.8203125,1962.8515625,1962.8671875,1962.8828125,1962.9296875,1963.0703125,1963.1640625,1963.546875,1963.8203125,1963.953125,1964.03125,1964.1171875,1964.265625,1964.4453125,1964.5390625,1964.6484375,1964.765625,1964.890625,1965.0234375,1965.171875,1965.3359375,1965.5078125,1965.6953125,1965.90625,1966.0234375,1966.140625,1966.265625,1966.390625,1966.5859375,1966.7890625,1967.0078125,1967.25,1967.5078125,1967.796875,1968.46875,1969.2421875,1970.15625,1971.0546875,1973.0546875,1974.0859375,1974.671875,1975.2265625,1975.765625,1976.3046875,1976.6875,1977.078125,1977.8984375,1978.75,1980.9453125,1982.0859375,1983.25,1985.671875,1986.2734375,1986.8203125,1987.640625,1988.03125,1988.421875,1988.8125,1989.203125,1989.59375,1989.9921875,1990.6640625,1991.3984375,1992.1015625,1993.796875,1994.703125,1995.171875,1995.625,1996.0625,1996.5,1996.90625,1997.3125,1997.7265625,1998.1640625,1998.953125,2000.703125,2001.546875,2001.953125,2002.34375,2002.7265625,2003.1015625,2003.4765625,2003.859375,2004.25,2004.6640625,2005.40625,2007.15625,2007.625,2008.0546875,2008.5234375,2008.9765625,2009.4140625,2009.84375,2010.4140625,2010.9921875,2011.5859375,2012.21875,2012.75,2013.3359375,2015.3828125,2016.234375,2017.0859375,2017.875,2018.6171875,2019.3203125,2019.9921875,2020.3203125,2020.640625,2020.9921875,2021.34375,2021.6875,2022.0234375,2022.3671875,2022.7109375,2023.0546875,2023.40625,2024.0234375,2024.6875,2025.34375,2027.0390625,2027.5390625,2028.0,2028.5234375,2029.03125,2029.53125,2030.0234375,2030.390625,2030.765625,2031.1484375,2031.5546875,2032.34375,2033.984375,2034.71875,2035.5234375,2036.296875,2036.9765625,2037.7109375,2038.46875,2040.2265625,2041.09375,2042.0703125,2043.078125,2044.515625,2046.03125,2047.328125,2048.5,2049.2578125,2050.0546875,2052.59375,2053.609375,2054.5546875,2056.3359375,2057.0234375,2057.796875,2058.5,2058.9765625,2059.4453125,2059.921875,2060.4140625,2061.2890625,2063.2265625,2063.703125,2064.140625,2064.578125,2065.0078125,2065.4296875,2065.84375,2066.1953125,2066.546875,2066.9140625,2067.3046875,2068.046875,2069.5546875,2070.2265625,2070.9453125,2071.640625,2072.3046875,2073.0234375,2073.6796875,2075.203125,2075.9609375,2076.6484375,2077.296875,2077.8984375,2078.5078125,2079.140625,2079.8125,2080.4296875,2081.125,2084.1484375,2085.578125,2086.3203125,2087.015625,2087.6796875,2088.3359375,2089.09375,2089.8828125,2090.65625,2092.6953125,2093.3359375,2093.9375,2094.546875,2095.1875,2097.78125,2098.4453125,2099.0703125,2099.765625,2100.4921875,2101.15625,2102.625,2103.3125,2103.953125,2104.5625,2105.203125,2105.875,2106.5,2107.921875,2108.6328125,2109.0,2109.3515625,2109.6953125,2110.0234375,2110.515625,2111.0078125,2111.5078125,2112.0234375,2112.5,2113.0234375,2115.0703125,2115.546875,2115.9921875,2116.5078125,2117.0078125,2117.515625,2118.03125,2118.5859375,2119.1953125,2121.46875,2122.5546875,2123.5859375,2125.9375,2126.5859375,2127.2109375,2127.9140625,2128.6640625,2131.1640625,2132.09375,2132.578125,2132.984375,2133.296875,2133.5234375,2133.6484375,2133.734375,2133.7890625,2133.828125,2133.90625,2133.96875,2134.0078125,2134.078125,2134.140625,2134.3515625,2134.4140625,2134.46875,2134.515625,2134.6640625,2134.6953125,2134.7109375,2134.734375,2134.7578125,2134.7890625,2134.9375,2135.0390625,2135.3984375,2135.65625,2135.7890625,2135.9375,2136.078125,2136.234375,2136.421875,2136.5234375,2136.640625,2136.7578125,2136.890625,2137.03125,2137.1796875,2137.34375,2137.515625,2137.703125,2137.9140625,2138.046875,2138.1796875,2138.328125,2138.4765625,2138.6328125,2138.8046875,2139.1640625,2139.578125,2140.046875,2140.578125,2141.1796875,2141.7421875,2142.3359375,2142.9375,2143.5625,2144.6640625,2147.0546875,2148.171875,2148.734375,2149.2734375,2149.796875,2150.3125,2150.8359375,2151.359375,2151.875,2152.3984375,2152.9296875,2153.4609375,2154.0,2154.5625,2155.21875,2155.9296875,2156.7578125,2158.578125,2159.3984375,2160.2890625,2161.1328125,2162.015625,2162.953125,2163.84375,2166.0703125,2166.71875,2167.3046875,2167.9765625,2168.6171875,2169.234375,2169.84375,2170.53125,2171.21875,2171.921875,2172.6484375,2173.28125,2173.9609375,2176.03125,2176.6953125,2177.3125,2177.875,2178.4375,2178.9765625,2179.5,2180.015625,2180.4609375,2180.9140625,2181.375,2181.859375,2182.3046875,2182.796875,2184.6484375,2185.4453125,2185.890625,2186.3125,2186.7265625,2187.1328125,2187.484375,2187.84375,2188.6015625,2189.328125,2190.75,2191.3671875,2192.0234375,2192.65625,2193.2890625,2193.953125,2194.578125,2196.0703125,2196.8515625,2197.65625,2198.0390625,2198.4140625,2199.078125,2199.78125,2200.4140625,2201.90625,2202.6484375,2203.2890625,2203.9140625,2204.6328125,2205.390625,2206.1015625,2207.8125,2208.703125,2209.15625,2209.59375,2210.0234375,2210.453125,2210.984375,2211.5546875,2213.9375,2214.546875,2215.125,2215.703125,2216.3125,2218.1953125,2218.859375,2219.515625,2220.140625,2220.7734375,2221.4375,2223.3671875,2223.9609375,2224.5,2224.9921875,2225.6328125,2226.2421875,2226.546875,2226.84375,2227.4453125,2227.859375,2228.2890625,2228.7421875,2229.21875,2230.078125,2232.53125,2232.8515625,2233.03125,2233.1171875,2233.1640625,2233.2421875,2233.2890625,2233.421875,2233.65625,2233.734375,2233.8125,2233.9296875,2233.9609375,2233.9921875,2234.015625,2234.046875,2234.1953125,2234.3125,2234.65625,2234.9453125,2235.03125,2235.1171875,2235.21875,2235.3359375,2235.4765625,2235.6328125,2235.8125,2236.015625,2236.125,2236.2421875,2236.3671875,2236.5078125,2236.703125,2236.921875,2237.0390625,2237.15625,2237.28125,2237.4140625,2237.5546875,2237.703125,2237.8515625,2238.015625,2238.375,2238.7734375,2239.0625,2239.3828125,2240.1328125,2240.859375,2243.4296875,2244.3359375,2245.25,2246.3125,2249.4453125,2253.1484375,2254.078125,2254.9296875,2255.703125,2256.46875,2257.2578125,2258.09375,2259.234375,2260.5703125,2261.890625,2263.6875,2264.0703125,2264.2734375,2264.4140625,2264.5078125,2264.5625,2264.6171875,2264.6796875,2264.71875,2264.75,2264.890625,2264.9609375,2265.125,2265.203125,2265.25,2265.296875,2265.421875,2265.453125,2265.46875,2265.484375,2265.5078125,2265.5390625,2265.6796875,2265.78125,2266.140625,2266.4453125,2266.53125,2266.6171875,2266.71875,2266.8359375,2266.9296875,2267.03125,2267.140625,2267.2578125,2267.390625,2267.53125,2267.6875,2267.859375,2268.046875,2268.25,2268.4765625,2268.6015625,2268.7265625,2268.859375,2269.0,2269.1484375,2269.3125,2269.4765625,2269.65625,2270.046875,2270.4140625,2270.8359375,2271.328125,2271.9375,2272.8359375,2273.8828125,2274.8203125,2275.6875,2276.6953125,2277.734375,2280.90625,2282.1328125,2283.2109375,2285.3203125,2286.1875,2287.2890625,2288.359375,2289.2578125,2291.21875,2292.4609375,2292.734375,2292.9140625,2293.0234375,2293.09375,2293.140625,2293.1953125,2293.265625,2293.3984375,2293.6171875,2293.6953125,2293.78125,2293.8984375,2293.921875,2293.953125,2293.9765625,2294.0078125,2294.140625,2294.234375,2294.625,2294.90625,2295.03125,2295.1796875,2295.3203125,2295.4921875,2295.6875,2295.796875,2295.921875,2296.046875,2296.1875,2296.34375,2296.5078125,2296.6875,2296.8828125,2297.1015625,2297.21875,2297.3359375,2297.5078125,2297.6875,2297.875,2298.078125,2298.296875,2298.5234375,2298.7734375,2299.0390625,2299.5234375,2300.0859375,2302.4296875,2302.9765625,2303.4765625,2304.046875,2304.5859375,2305.1171875,2305.640625,2306.0234375,2306.421875,2306.8359375,2307.265625,2308.0546875,2309.515625,2310.125,2310.765625,2311.3671875,2311.9765625,2312.625,2314.78125,2315.640625,2316.1171875,2316.578125,2317.03125,2317.484375,2318.046875,2318.640625,2319.296875,2320.6875,2321.3125,2321.9921875,2322.6328125,2323.2890625,2323.9765625,2324.6171875,2326.09375,2326.8359375,2327.5859375,2328.2890625,2328.7109375,2329.140625,2329.5703125,2330.015625,2330.46875,2330.96875,2333.0703125,2334.046875,2334.59375,2335.1328125,2335.6640625,2336.1953125,2336.7265625,2337.28125,2337.8671875,2338.4921875,2339.65625,2342.2890625,2342.9140625,2343.4765625,2344.0,2344.4921875,2344.9609375,2345.4140625,2346.0234375,2346.625,2347.2265625,2347.84375,2348.3671875,2348.9375,2350.71875,2351.3359375,2351.921875,2352.4609375,2353.0,2353.5234375,2354.0390625,2354.5546875,2355.0859375,2355.625,2356.1875,2356.7890625,2357.34375,2357.96875,2361.046875,2361.890625,2362.671875,2363.5234375,2364.3046875,2365.03125,2365.71875,2366.3125,2366.890625,2367.46875,2368.046875,2368.5859375,2369.171875,2369.7578125,2371.3203125,2371.796875,2372.234375,2372.7421875,2373.234375,2373.7265625,2374.21875,2374.7578125,2375.3359375,2375.953125,2377.7890625,2378.3984375,2378.9765625,2379.5625,2380.171875,2382.0546875,2382.71875,2383.390625,2384.0234375,2384.453125,2384.890625,2385.3359375,2385.8125,2386.4375,2387.1015625,2387.515625,2387.765625,2387.859375,2387.921875,2387.9609375,2387.9921875,2388.0703125,2388.125,2388.28125,2388.4921875,2388.5546875,2388.609375,2388.6484375,2388.7890625,2388.8203125,2388.8515625,2388.875,2388.90625,2389.046875,2389.1484375,2389.515625,2389.78125,2389.9140625,2390.0625,2390.203125,2390.359375,2390.546875,2390.6484375,2390.765625,2390.890625,2391.0234375,2391.1640625,2391.3203125,2391.4921875,2391.671875,2391.8671875,2392.078125,2392.2109375,2392.3515625,2392.5,2392.6484375,2392.8125,2392.9765625,2393.15625,2393.3359375,2393.7265625,2394.140625,2394.578125,2395.03125,2395.3984375,2395.78125,2396.1796875,2396.59375,2397.3515625,2399.1484375,2399.6484375,2400.1015625,2400.609375,2401.09375,2401.578125,2402.0625,2402.3984375,2402.7421875,2403.1015625,2403.484375,2404.171875,2405.4609375,2406.0,2406.5625,2407.09375,2407.65625,2408.2421875,2408.828125,2410.359375,2410.828125,2411.25,2411.75,2412.2265625,2412.6953125,2413.1640625,2413.546875,2413.9453125,2414.359375,2414.796875,2415.5859375,2417.5,2418.40625,2419.1796875,2421.0390625,2421.9609375,2422.890625,2424.7109375,2425.453125,2426.234375,2426.984375,2427.546875,2428.140625,2428.765625,2430.5859375,2431.1796875,2431.734375,2432.3125,2432.9140625,2434.765625,2435.4140625,2436.078125,2436.703125,2437.4296875,2438.1796875,2438.875,2440.4609375,2441.2578125,2441.671875,2442.0625,2442.4453125,2442.8125,2443.1640625,2443.5234375,2443.890625,2444.265625,2444.640625,2445.0546875,2446.796875,2447.6015625,2448.046875,2448.484375,2448.9140625,2449.3515625,2450.0234375,2450.7578125,2451.484375,2453.046875,2453.7734375,2454.578125,2455.375,2456.046875,2456.8046875,2459.71875,2461.328125,2462.65625,2463.7109375,2464.484375,2465.1875,2465.859375,2466.5234375,2467.1171875,2467.7421875,2469.734375,2470.46875,2470.859375,2471.234375,2471.59375,2471.9453125,2472.34375,2472.734375,2473.140625,2473.5546875,2473.921875,2474.328125,2475.6875,2476.2265625,2476.78125,2477.296875,2477.59375,2477.890625,2478.1875,2478.4765625,2478.765625,2479.0625,2479.359375,2479.6640625,2480.140625,2480.6640625,2481.1953125,2482.8984375,2484.4609375,2484.609375,2484.6953125,2484.7421875,2484.78125,2484.859375,2484.8984375,2485.0390625,2485.265625,2485.34375,2485.4296875,2485.546875,2485.578125,2485.59375,2485.609375,2485.6328125,2485.6640625,2485.8046875,2485.8984375,2486.2734375,2486.5703125,2486.6484375,2486.734375,2486.8359375,2486.9453125,2487.03125,2487.1328125,2487.2421875,2487.359375,2487.4921875,2487.6328125,2487.7890625,2487.953125,2488.140625,2488.34375,2488.5703125,2488.6875,2488.8125,2488.9453125,2489.0859375,2489.234375,2489.3828125,2489.546875,2489.71875,2490.09375,2490.515625,2491.015625,2491.640625,2493.296875,2494.1484375,2495.09375,2497.125,2498.109375,2498.75,2499.3984375,2501.40625,2502.109375,2502.8671875,2503.21875,2503.5625,2504.03125,2504.5,2504.9765625,2505.46875,2505.8828125,2506.34375,2507.7890625,2508.3046875,2508.796875,2509.2578125,2509.7109375,2510.1484375,2510.5859375,2511.0234375,2511.3515625,2511.6953125,2512.421875,2513.1015625,2514.78125,2515.703125,2516.21875,2516.7265625,2517.140625,2518.125,2518.3046875,2518.3671875,2518.40625,2518.4609375,2518.515625,2518.5625,2518.59375,2518.734375,2518.953125,2519.03125,2519.0859375,2519.125,2519.2421875,2519.265625,2519.296875,2519.3203125,2519.3515625,2519.5,2519.6171875,2519.9609375,2520.2734375,2520.359375,2520.4609375,2520.578125,2520.7109375,2520.8671875,2521.0390625,2521.2421875,2521.3515625,2521.4765625,2521.6015625,2521.7421875,2521.890625,2522.0546875,2522.2265625,2522.40625,2522.6015625,2522.8046875,2523.03125,2523.2734375,2523.5390625,2523.8359375,2524.2734375,2524.796875,2526.734375,2527.609375,2528.40625,2529.21875,2529.8828125,2530.6171875,2533.1171875,2534.1875,2535.328125,2538.15625,2539.0390625,2539.8515625,2540.8515625,2541.890625,2542.828125,2545.1171875,2546.390625,2547.4453125,2549.7109375,2550.8203125,2551.59375,2552.34375,2553.109375,2553.9296875,2554.921875,2556.1953125,2557.6953125,2558.7734375,2559.75,2560.640625,2561.1171875,2561.6171875,2563.3984375,2564.1171875,2564.515625,2564.890625,2565.25,2565.6015625,2566.0546875,2566.5,2566.9453125,2567.3828125,2567.8515625,2568.28125,2568.6171875,2568.734375,2568.8203125,2568.875,2568.9140625,2568.9609375,2569.0390625,2569.078125,2569.21875,2569.4296875,2569.5,2569.5546875,2569.6015625,2569.7265625,2569.7578125,2569.7734375,2569.7890625,2569.8125,2569.84375,2569.984375,2570.0859375,2570.453125,2570.7265625,2570.875,2570.9609375,2571.0546875,2571.21875,2571.40625,2571.5078125,2571.625,2571.75,2571.8828125,2572.03125,2572.1875,2572.359375,2572.5546875,2572.765625,2572.875,2572.9921875,2573.1171875,2573.2421875,2573.3828125,2573.5234375,2573.796875,2574.109375,2574.4609375,2574.859375,2575.328125,2575.84375,2576.3828125,2576.9140625,2577.7109375,2578.5234375,2579.2578125,2580.8203125,2581.5546875,2581.9296875,2582.2890625,2582.6328125,2582.9765625,2583.375,2583.7734375,2584.1796875,2584.59375,2584.9921875,2585.421875,2587.03125,2587.71875,2588.1015625,2588.46875,2588.828125,2589.1875,2589.6328125,2590.0859375,2590.5703125,2591.109375,2593.2734375,2593.515625,2593.5859375,2593.6328125,2593.6796875,2593.734375,2593.796875,2593.9296875,2594.1484375,2594.21875,2594.3046875,2594.421875,2594.453125,2594.46875,2594.484375,2594.53125,2594.671875,2594.765625,2595.1484375,2595.421875,2595.546875,2595.6953125,2595.8359375,2596.0,2596.1953125,2596.3046875,2596.421875,2596.546875,2596.6875,2596.84375,2597.0078125,2597.1875,2597.3828125,2597.59375,2597.8203125,2598.0625,2598.3203125,2598.6015625,2598.90625,2599.2265625,2599.5625,2599.921875,2600.2890625,2600.6015625,2600.921875,2601.6171875,2602.2890625,2603.96875,2604.4609375,2604.90625,2605.421875,2605.9140625,2606.3984375,2606.890625,2607.21875,2607.5546875,2607.8984375,2608.265625,2608.609375,2608.9921875,2610.8984375,2611.4140625,2611.8984375,2612.40625,2612.9375,2614.609375,2615.2109375,2615.8359375,2616.40625,2616.9765625,2617.5390625,2618.1015625,2618.6796875,2619.2890625,2619.9609375,2620.5859375,2622.1953125,2623.09375,2623.8828125,2624.6796875,2625.2890625,2625.921875,2626.578125,2627.2265625,2627.8359375,2628.4140625,2628.953125,2629.46875,2630.1171875,2630.75,2631.375,2632.0,2632.59375,2633.234375,2633.8828125,2635.6640625,2636.21875,2636.734375,2637.34375,2637.9375,2638.5390625,2639.171875,2640.0390625,2642.0625,2643.0859375,2644.109375,2646.1015625,2646.890625,2647.671875,2648.375,2648.7890625,2649.1953125,2649.6015625,2650.0234375,2650.8046875,2652.765625,2653.3046875,2653.8046875,2654.3203125,2654.8203125,2655.3125,2655.796875,2656.390625,2657.0,2657.6328125,2658.296875,2659.1640625,2660.1015625,2660.7734375,2660.9765625,2661.1171875,2661.1875,2661.234375,2661.2890625,2661.3671875,2661.4140625,2661.5625,2661.7734375,2661.8359375,2661.890625,2661.9375,2662.0703125,2662.09375,2662.125,2662.1484375,2662.1796875,2662.3203125,2662.421875,2662.7890625,2663.0546875,2663.171875,2663.3125,2663.4453125,2663.6015625,2663.78125,2663.8828125,2663.984375,2664.09375,2664.21875,2664.3515625,2664.5,2664.65625,2664.828125,2665.015625,2665.2109375,2665.328125,2665.4453125,2665.5703125,2665.703125,2665.84375,2665.984375,2666.2890625,2666.6328125,2667.015625,2667.4453125,2667.9453125,2668.5078125,2669.1484375,2670.6171875,2671.9609375,2674.640625,2675.8515625,2676.5234375,2677.15625,2677.765625,2678.3671875,2678.9140625,2679.46875,2680.0234375,2680.6015625,2681.25,2681.9609375,2682.6640625,2684.40625,2684.8828125,2685.2734375,2685.65625,2685.9140625,2686.0625,2686.109375,2686.1484375,2686.1953125,2686.2578125,2686.3203125,2686.4609375,2686.53125,2686.6953125,2686.7734375,2686.8203125,2686.8671875,2686.984375,2687.015625,2687.046875,2687.0703125,2687.1015625,2687.2578125,2687.3828125,2687.703125,2688.0078125,2688.109375,2688.21875,2688.34375,2688.484375,2688.6484375,2688.8359375,2688.9453125,2689.0546875,2689.171875,2689.3046875,2689.4453125,2689.59375,2689.7578125,2689.9375,2690.078125,2690.234375,2690.390625,2690.5625,2690.7421875,2690.9375,2691.1484375,2691.375,2691.71875,2692.1328125,2693.7265625,2694.5,2695.265625,2696.0703125,2696.96875,2699.203125,2700.3828125,2701.5859375,2704.265625,2705.6640625,2706.5,2707.3046875,2708.0859375,2708.8515625,2709.3828125,2709.8984375,2710.40625,2710.9140625,2711.4140625,2711.90625,2712.3984375,2712.8984375,2713.734375,2714.625,2715.4609375,2717.4453125,2718.4765625,2719.0234375,2719.546875,2720.0546875,2720.5546875,2721.21875,2721.8984375,2722.6015625,2723.3359375,2724.1640625,2724.828125,2725.0390625,2725.1875,2725.296875,2725.3671875,2725.4296875,2725.4765625,2725.5390625,2725.578125,2725.71875,2725.9375,2726.015625,2726.0625,2726.109375,2726.2265625,2726.2578125,2726.2890625,2726.3125,2726.34375,2726.5,2726.6171875,2726.953125,2727.2421875,2727.328125,2727.4140625,2727.515625,2727.6328125,2727.765625,2727.921875,2728.09375,2728.2890625,2728.3984375,2728.5078125,2728.6328125,2728.765625,2728.9609375,2729.171875,2729.2890625,2729.40625,2729.5390625,2729.671875,2729.8125,2729.9609375,2730.1171875,2730.28125,2730.6484375,2731.0625,2731.5703125,2732.1875,2732.96875,2733.8828125,2734.7890625,2735.6875,2738.359375,2739.296875,2739.8359375,2740.34375,2740.8359375,2741.3203125,2741.7890625,2742.265625,2742.75,2743.2578125,2744.1875,2745.9921875,2746.78125,2747.6328125,2748.4609375,2749.4140625,2750.5625,2753.296875,2753.6796875,2753.921875,2754.03125,2754.1015625,2754.1484375,2754.1796875,2754.2578125,2754.3125,2754.46875,2754.671875,2754.734375,2754.7890625,2754.828125,2754.96875,2755.0,2755.03125,2755.0546875,2755.0859375,2755.2265625,2755.3359375,2755.6953125,2755.984375,2756.0625,2756.140625,2756.234375,2756.34375,2756.46875,2756.6171875,2756.78125,2756.9609375,2757.1640625,2757.28125,2757.3984375,2757.5859375,2757.796875,2757.90625,2758.0234375,2758.1484375,2758.28125,2758.421875,2758.5625,2758.7109375,2758.8671875,2759.03125,2759.2109375,2759.609375,2759.9296875,2760.2890625,2761.25,2765.625,2766.703125,2768.6875,2769.453125,2770.3125,2771.1015625,2771.6015625,2772.1015625,2772.609375,2773.1484375,2774.0703125,2775.90625,2776.7578125,2777.71875,2778.78125,2779.4453125,2779.8203125,2779.9375,2780.0234375,2780.0859375,2780.125,2780.171875,2780.2265625,2780.296875,2780.4375,2780.6640625,2780.7421875,2780.828125,2780.953125,2780.9765625,2781.0078125,2781.03125,2781.0625,2781.203125,2781.296875,2781.671875,2781.9609375,2782.109375,2782.1953125,2782.2890625,2782.4609375,2782.5546875,2782.65625,2782.765625,2782.890625,2783.0234375,2783.1640625,2783.3203125,2783.4921875,2783.6796875,2783.890625,2784.1171875,2784.2421875,2784.3671875,2784.5,2784.640625,2784.7890625,2784.9375,2785.2109375,2785.5078125,2785.828125,2786.1796875,2786.5625,2786.96875,2787.3984375,2787.8515625,2788.3828125,2788.953125,2791.6328125,2792.3125,2792.9609375,2793.59375,2794.265625,2796.359375,2797.140625,2797.9375,2798.734375,2799.734375,2801.8046875,2802.0,2802.125,2802.2109375,2802.2578125,2802.296875,2802.359375,2802.4140625,2802.5390625,2802.7578125,2802.8359375,2802.9140625,2803.03125,2803.0546875,2803.0859375,2803.109375,2803.1328125,2803.2734375,2803.3671875,2803.7578125,2804.0390625,2804.1640625,2804.234375,2804.3203125,2804.46875,2804.640625,2804.734375,2804.84375,2804.9609375,2805.0859375,2805.21875,2805.3671875,2805.53125,2805.703125,2805.890625,2806.1015625,2806.2109375,2806.328125,2806.453125,2806.578125,2806.8203125,2807.078125,2807.359375,2807.6640625,2808.0,2808.359375,2808.7421875,2809.15625,2809.8671875,2810.65625,2811.421875,2813.4765625,2814.1015625,2814.6796875,2815.34375,2815.9921875,2816.640625,2817.2890625,2817.9921875,2818.6875,2819.375,2820.046875,2820.6875,2821.3125,2821.921875,2822.515625,2822.9609375,2823.4140625,2823.8671875,2824.3359375,2824.7421875,2825.1875,2826.78125,2827.453125,2828.171875,2828.8515625,2829.5234375,2830.234375,2830.90625,2832.5234375,2832.96875,2833.375,2833.828125,2834.2578125,2834.6640625,2835.0625,2835.421875,2835.78125,2836.15625,2836.5546875,2837.3359375,2839.234375,2840.1953125,2840.734375,2841.28125,2841.84375,2842.4296875,2843.3125,2844.3125,2845.3515625,2846.265625,2847.0,2847.6796875,2848.3125,2848.9296875,2849.34375,2849.7578125,2850.59375,2851.46875,2852.4296875,2853.6640625,2855.171875,2856.6015625,2858.9921875,2859.921875,2860.5,2861.0234375,2861.5078125,2861.96875,2862.4765625,2862.96875,2863.453125,2863.9453125,2864.375,2864.8515625,2866.375,2866.921875,2867.4453125,2867.9296875,2868.3984375,2868.8515625,2869.296875,2869.7421875,2870.203125,2870.6796875,2871.171875,2871.703125,2872.359375,2873.1640625,2874.1640625,2874.421875,2874.59375,2874.6875,2874.7578125,2874.796875,2874.828125,2874.90625,2874.953125,2874.984375,2875.109375,2875.3046875,2875.3671875,2875.421875,2875.4609375,2875.59375,2875.625,2875.65625,2875.6796875,2875.7109375,2875.8515625,2875.953125,2876.328125,2876.6015625,2876.734375,2876.8125,2876.8984375,2877.046875,2877.2265625,2877.328125,2877.4375,2877.5546875,2877.6796875,2877.8203125,2877.96875,2878.1328125,2878.3046875,2878.5,2878.7109375,2878.828125,2878.9453125,2879.0703125,2879.1953125,2879.3984375,2879.6171875,2879.8515625,2880.1015625,2880.375,2880.671875,2880.9921875,2881.3515625,2881.875,2882.4921875,2885.640625,2886.546875,2887.453125,2888.609375,2889.859375,2891.09375,2892.203125,2892.9765625,2893.71875,2894.4453125,2895.171875,2896.484375,2898.5625,2899.046875,2899.234375,2899.359375,2899.4375,2899.4921875,2899.5390625,2899.59375,2899.65625,2899.796875,2900.0234375,2900.1015625,2900.1875,2900.3125,2900.3359375,2900.3671875,2900.390625,2900.421875,2900.5703125,2900.6875,2901.03125,2901.3359375,2901.4296875,2901.5390625,2901.6640625,2901.8046875,2901.96875,2902.1640625,2902.265625,2902.3828125,2902.5078125,2902.640625,2902.78125,2902.9375,2903.1015625,2903.28125,2903.40625,2903.5390625,2903.6796875,2903.8203125,2903.96875,2904.1328125,2904.3046875,2904.4921875,2904.890625,2905.359375,2905.9140625,2906.5625,2907.2734375,2907.984375,2908.671875,2909.3515625,2909.921875,2910.5234375,2912.9765625,2913.59375,2914.15625,2914.8125,2915.4609375,2916.109375,2916.7734375,2917.359375,2918.0078125,2920.2890625,2921.3203125,2922.3359375,2924.109375,2924.8203125,2925.578125,2926.28125,2927.171875,2928.1015625,2928.9921875,2930.75,2931.5234375,2932.359375,2933.171875,2933.765625,2934.3671875,2934.96875,2935.46875,2935.78125,2936.0,2936.140625,2936.2265625,2936.265625,2936.2890625,2936.3359375,2936.390625,2936.4296875,2936.5703125,2936.640625,2936.8046875,2936.8828125,2936.9296875,2936.9765625,2937.1015625,2937.1328125,2937.1484375,2937.1640625,2937.1875,2937.21875,2937.375,2937.4921875,2937.8203125,2938.109375,2938.1953125,2938.28125,2938.3828125,2938.4921875,2938.625,2938.7734375,2938.9453125,2939.1328125,2939.2421875,2939.3515625,2939.46875,2939.59375,2939.703125,2939.8203125,2939.9453125,2940.0703125,2940.203125,2940.3515625,2940.5,2940.6640625,2940.8359375,2941.015625,2941.2109375,2941.421875,2941.640625,2941.8828125,2942.4296875,2943.1328125,2944.0,2944.96875,2945.921875,2946.6875,2947.4765625,2949.84375,2950.6484375,2951.5078125,2952.3046875,2952.7421875,2953.1875,2953.6328125,2954.1015625,2954.9609375,2956.53125,2957.1640625,2957.8359375,2958.4609375,2959.2109375,2959.9765625,2960.828125,2961.6015625,2961.8671875,2962.046875,2962.1640625,2962.2265625,2962.2734375,2962.328125,2962.390625,2962.515625,2962.75,2962.8359375,2962.90625,2963.015625,2963.0390625,2963.0703125,2963.09375,2963.125,2963.2578125,2963.359375,2963.7421875,2964.0234375,2964.15625,2964.3125,2964.4609375,2964.640625,2964.734375,2964.84375,2964.9609375,2965.0859375,2965.2265625,2965.375,2965.5390625,2965.7109375,2965.8984375,2966.109375,2966.2265625,2966.34375,2966.46875,2966.59375,2966.78125,2966.984375,2967.203125,2967.4375,2967.6953125,2967.9765625,2968.625,2969.3515625,2970.203125,2971.0625,2973.0546875,2974.1015625,2974.6875,2975.2421875,2975.7890625,2976.328125,2976.7109375,2977.09375,2977.9140625,2978.7578125,2980.9453125,2982.0859375,2983.2421875,2985.671875,2986.28125,2986.8359375,2987.6484375,2988.0390625,2988.4296875,2988.8125,2989.203125,2989.59375,2989.9921875,2990.6640625,2991.3984375,2992.1015625,2993.796875,2994.6953125,2995.1640625,2995.6171875,2996.0546875,2996.4921875,2996.8984375,2997.3046875,2997.7265625,2998.1640625,2998.9453125,3000.703125,3001.5390625,3001.9453125,3002.3359375,3002.71875,3003.09375,3003.46875,3003.8515625,3004.2421875,3004.65625,3005.40625,3007.15625,3007.625,3008.0546875,3008.5234375,3008.9765625,3009.4140625,3009.84375,3010.40625,3010.984375,3011.578125,3012.2109375,3012.7421875,3013.328125,3015.375,3016.21875,3017.0703125,3017.859375,3018.59375,3019.296875,3019.9765625,3020.3046875,3020.625,3020.9765625,3021.328125,3021.671875,3022.015625,3022.359375,3022.703125,3023.046875,3023.3984375,3024.0234375,3024.6953125,3025.3515625,3027.0390625,3027.5390625,3028.0,3028.5234375,3029.03125,3029.53125,3030.0234375,3030.3828125,3030.7578125,3031.140625,3031.546875,3032.34375,3033.9765625,3034.7109375,3035.515625,3036.2890625,3036.96875,3037.703125,3038.4609375,3040.2265625,3041.1015625,3042.078125,3043.0859375,3044.53125,3046.0546875,3047.3515625,3048.5234375,3049.2734375,3050.0625,3052.5859375,3053.6015625,3054.546875,3056.3359375,3057.015625,3057.7890625,3058.5,3058.9765625,3059.4453125,3059.921875,3060.4140625,3061.2890625,3063.21875,3063.703125,3064.140625,3064.578125,3065.0078125,3065.4296875,3065.84375,3066.1953125,3066.546875,3066.9140625,3067.3046875,3068.046875,3069.5546875,3070.21875,3070.9375,3071.6328125,3072.296875,3073.015625,3073.671875,3075.203125,3075.953125,3076.640625,3077.296875,3077.8984375,3078.5078125,3079.140625,3079.8125,3080.4296875,3081.125,3084.1484375,3085.5703125,3086.3125,3087.0078125,3087.671875,3088.328125,3089.0859375,3089.875,3090.6484375,3092.6953125,3093.3359375,3093.9375,3094.546875,3095.1875,3097.7734375,3098.4453125,3099.0703125,3099.765625,3100.4921875,3101.15625,3102.625,3103.3125,3103.953125,3104.5625,3105.203125,3105.875,3106.5,3107.921875,3108.625,3108.9921875,3109.34375,3109.6875,3110.015625,3110.5078125,3111.0,3111.4921875,3112.0,3112.484375,3113.0078125,3115.0859375,3115.578125,3116.03125,3116.5625,3117.078125,3117.6015625,3118.140625,3118.6640625,3119.234375,3121.4296875,3122.4921875,3123.53125,3125.8984375,3126.5703125,3127.203125,3127.9375,3128.703125,3129.4453125,3131.3671875,3131.96875,3132.5390625,3133.3125,3134.078125,3134.671875,3135.03125,3135.15625,3135.2421875,3135.296875,3135.3359375,3135.4140625,3135.4765625,3135.515625,3135.5859375,3135.6484375,3135.859375,3135.921875,3135.984375,3136.03125,3136.171875,3136.203125,3136.234375,3136.265625,3136.296875,3136.4453125,3136.546875,3136.8984375,3137.1640625,3137.296875,3137.4453125,3137.5859375,3137.7421875,3137.9296875,3138.03125,3138.1484375,3138.265625,3138.3984375,3138.5390625,3138.6875,3138.8515625,3139.03125,3139.21875,3139.4296875,3139.6640625,3139.7890625,3139.921875,3140.203125,3140.515625,3140.8515625,3141.2265625,3141.6328125,3142.0703125,3142.4921875,3142.9375,3143.4140625,3143.921875,3144.921875,3146.8046875,3147.578125,3148.390625,3149.140625,3149.5859375,3150.015625,3150.4375,3150.859375,3151.28125,3151.6953125,3152.109375,3152.53125,3153.1953125,3153.875,3154.5703125,3155.3046875,3155.921875,3156.6015625,3158.890625,3159.7890625,3160.7109375,3161.59375,3162.3359375,3163.1328125,3163.875,3165.609375,3166.484375,3167.3359375,3168.1171875,3168.59375,3169.0546875,3169.5078125,3169.9609375,3170.40625,3170.859375,3171.3125,3171.7734375,3172.6171875,3173.515625,3174.3828125,3176.3984375,3176.953125,3177.4453125,3178.015625,3178.5546875,3179.0703125,3179.578125,3180.09375,3180.6171875,3181.1484375,3181.703125,3182.1953125,3182.734375,3184.65625,3185.4609375,3185.8984375,3186.3125,3186.7265625,3187.1328125,3187.484375,3187.8359375,3188.5859375,3189.3125,3190.734375,3191.3515625,3192.015625,3192.65625,3193.28125,3193.9453125,3196.0,3196.7265625,3197.4453125,3198.125,3198.7890625,3199.4765625,3200.203125,3201.7265625,3202.421875,3203.171875,3203.890625,3204.609375,3205.3671875,3206.078125,3207.765625,3208.65625,3209.109375,3209.546875,3209.9765625,3210.40625,3210.9453125,3211.5234375,3213.921875,3214.53125,3215.1171875,3215.6953125,3216.3046875,3218.1796875,3218.84375,3219.5,3220.125,3220.765625,3221.4296875,3223.375,3223.96875,3224.5078125,3225.0,3225.6328125,3226.2421875,3226.546875,3226.84375,3227.4453125,3227.859375,3228.2890625,3228.734375,3229.2109375,3229.9765625,3231.53125,3232.78125,3233.0625,3233.2109375,3233.28125,3233.328125,3233.40625,3233.453125,3233.5859375,3233.8125,3233.890625,3233.9765625,3234.09375,3234.125,3234.140625,3234.15625,3234.1796875,3234.2109375,3234.359375,3234.4765625,3234.8203125,3235.109375,3235.1953125,3235.28125,3235.3828125,3235.5,3235.640625,3235.796875,3235.9765625,3236.1796875,3236.2890625,3236.4140625,3236.5390625,3236.6796875,3236.875,3237.0859375,3237.203125,3237.3203125,3237.4453125,3237.5703125,3237.7109375,3237.8515625,3238.0,3238.1640625,3238.5078125,3238.8984375,3239.1875,3239.5,3240.25,3240.9765625,3243.53125,3244.4453125,3245.3671875,3246.3515625,3249.4296875,3253.21875,3254.2265625,3255.1484375,3255.984375,3256.8203125,3257.6953125,3258.6328125,3260.015625,3261.6171875,3262.9140625,3264.7890625,3264.9609375,3265.078125,3265.15625,3265.2109375,3265.265625,3265.3125,3265.3671875,3265.3984375,3265.546875,3265.6171875,3265.78125,3265.8671875,3265.9140625,3265.9609375,3266.078125,3266.109375,3266.140625,3266.1640625,3266.1953125,3266.3359375,3266.4375,3266.8046875,3267.1015625,3267.1875,3267.28125,3267.3828125,3267.5078125,3267.6015625,3267.703125,3267.8125,3267.9375,3268.0703125,3268.21875,3268.3828125,3268.5546875,3268.7421875,3268.953125,3269.1875,3269.3125,3269.4453125,3269.5859375,3269.7265625,3269.875,3270.0390625,3270.2109375,3270.390625,3270.796875,3271.171875,3271.59375,3272.0859375,3272.671875,3273.40625,3274.2109375,3275.0234375,3275.8125,3276.796875,3277.828125,3280.9921875,3282.2109375,3286.09375,3287.15625,3288.1796875,3289.0859375,3291.2578125,3292.84375,3293.046875,3293.1875,3293.28125,3293.3359375,3293.3828125,3293.4453125,3293.5078125,3293.640625,3293.859375,3293.9375,3294.0234375,3294.140625,3294.1640625,3294.1953125,3294.21875,3294.2421875,3294.390625,3294.515625,3294.859375,3295.1796875,3295.2890625,3295.421875,3295.5625,3295.734375,3295.9296875,3296.0390625,3296.1640625,3296.296875,3296.4375,3296.59375,3296.7578125,3296.9375,3297.1328125,3297.34375,3297.4609375,3297.578125,3297.7421875,3297.921875,3298.109375,3298.3046875,3298.515625,3298.7421875,3299.2421875,3299.7109375,3300.25,3302.5234375,3303.0625,3303.5546875,3304.109375,3304.640625,3305.1640625,3305.6875,3306.0703125,3306.4609375,3306.8671875,3307.2890625,3308.0625,3309.5078125,3310.109375,3310.7421875,3311.34375,3311.953125,3312.6015625,3314.78125,3315.65625,3316.140625,3316.6015625,3317.0625,3317.5234375,3318.0703125,3318.65625,3319.3046875,3320.6953125,3321.3125,3321.9921875,3322.6328125,3323.28125,3323.96875,3324.609375,3326.0859375,3326.828125,3327.578125,3328.28125,3328.703125,3329.1328125,3329.5703125,3330.015625,3330.46875,3330.96875,3333.0703125,3334.046875,3334.59375,3335.1328125,3335.6640625,3336.1953125,3336.7265625,3337.28125,3337.8671875,3338.4921875,3339.65625,3342.28125,3342.90625,3343.46875,3343.9921875,3344.484375,3344.953125,3345.40625,3346.015625,3346.6171875,3347.2265625,3347.84375,3348.3671875,3348.9375,3350.71875,3351.3359375,3351.921875,3352.4609375,3353.0078125,3353.53125,3354.046875,3354.5625,3355.09375,3355.6328125,3356.1953125,3356.7890625,3357.34375,3357.96875,3361.0390625,3361.8828125,3362.65625,3363.5,3364.28125,3365.0078125,3365.6953125,3366.2890625,3366.875,3367.453125,3368.03125,3368.578125,3369.1640625,3369.75,3371.3125,3371.796875,3372.234375,3372.75,3373.2421875,3373.734375,3374.2265625,3374.7578125,3375.328125,3375.9375,3377.78125,3378.390625,3378.96875,3379.5546875,3380.1640625,3382.0546875,3382.71875,3383.3984375,3384.0390625,3384.46875,3384.90625,3385.359375,3385.8359375,3386.5078125,3387.2578125,3387.6875,3387.9296875,3388.015625,3388.078125,3388.1171875,3388.1484375,3388.2265625,3388.28125,3388.3125,3388.4375,3388.6484375,3388.71875,3388.7734375,3388.8125,3388.9453125,3388.9765625,3389.0078125,3389.0234375,3389.0390625,3389.0703125,3389.2109375,3389.3125,3389.6796875,3389.9453125,3390.0703125,3390.21875,3390.3515625,3390.515625,3390.703125,3390.8046875,3390.921875,3391.046875,3391.1796875,3391.3203125,3391.4765625,3391.6484375,3391.828125,3392.0234375,3392.234375,3392.3671875,3392.5,3392.640625,3392.7890625,3392.9453125,3393.109375,3393.453125,3393.828125,3394.234375,3394.65625,3395.09375,3395.453125,3395.828125,3396.21875,3396.625,3397.375,3399.15625,3399.65625,3400.109375,3400.6171875,3401.1015625,3401.5859375,3402.0703125,3402.40625,3402.75,3403.109375,3403.484375,3404.171875,3405.4609375,3405.9921875,3406.546875,3407.078125,3407.640625,3408.234375,3408.8203125,3410.3515625,3410.8203125,3411.2421875,3411.7421875,3412.2265625,3412.703125,3413.171875,3413.5546875,3413.953125,3414.3671875,3414.8046875,3415.59375,3417.484375,3418.3828125,3419.1640625,3421.03125,3421.9609375,3422.8984375,3424.71875,3425.4609375,3426.234375,3426.9765625,3427.5390625,3428.1328125,3428.765625,3430.578125,3431.171875,3431.7265625,3432.3046875,3432.90625,3434.765625,3435.4140625,3436.078125,3436.703125,3437.421875,3438.171875,3438.8671875,3440.453125,3441.2421875,3441.65625,3442.046875,3442.4296875,3442.796875,3443.15625,3443.515625,3443.8828125,3444.2578125,3444.640625,3445.0546875,3446.7890625,3447.59375,3448.0390625,3448.4765625,3448.90625,3449.34375,3450.015625,3450.75,3451.4765625,3453.0390625,3453.7734375,3454.578125,3455.375,3456.046875,3456.8046875,3459.71875,3461.328125,3462.6640625,3463.71875,3464.4921875,3465.1953125,3465.8671875,3466.5234375,3467.109375,3467.734375,3469.734375,3470.4609375,3470.8515625,3471.2265625,3471.5859375,3471.9375,3472.3359375,3472.7265625,3473.1328125,3473.546875,3473.9140625,3474.3203125,3475.6875,3476.2265625,3476.78125,3477.296875,3477.59375,3477.890625,3478.1875,3478.4765625,3478.765625,3479.0625,3479.359375,3479.6640625,3480.109375,3480.5859375,3481.1328125,3482.390625,3482.9765625,3483.515625,3484.3984375,3484.625,3484.765625,3484.8515625,3484.8984375,3484.9296875,3485.015625,3485.0546875,3485.1875,3485.421875,3485.5,3485.5859375,3485.703125,3485.7265625,3485.7578125,3485.78125,3485.8125,3485.953125,3486.0546875,3486.4296875,3486.7265625,3486.8046875,3486.890625,3486.9921875,3487.1015625,3487.1875,3487.2890625,3487.3984375,3487.515625,3487.6484375,3487.7890625,3487.9453125,3488.109375,3488.296875,3488.5,3488.7265625,3488.84375,3488.96875,3489.1015625,3489.2421875,3489.390625,3489.5390625,3489.703125,3489.875,3490.25,3490.6796875,3491.1796875,3491.7890625,3493.3828125,3494.1953125,3495.109375,3497.09375,3498.0703125,3498.71875,3499.3828125,3501.4140625,3502.125,3502.8828125,3503.234375,3503.578125,3504.046875,3504.515625,3504.984375,3505.4765625,3505.890625,3506.34375,3507.7890625,3508.296875,3508.7890625,3509.25,3509.6953125,3510.1328125,3510.5625,3511.0,3511.328125,3511.671875,3512.3984375,3513.078125,3514.8125,3515.3125,3515.78125,3516.328125,3516.8671875,3517.3125,3518.1015625,3518.328125,3518.5078125,3518.6015625,3518.65625,3518.7109375,3518.7578125,3518.7890625,3518.9296875,3519.15625,3519.234375,3519.3203125,3519.4453125,3519.46875,3519.5,3519.5234375,3519.546875,3519.6953125,3519.8125,3520.1640625,3520.46875,3520.5546875,3520.65625,3520.7734375,3520.90625,3521.0625,3521.234375,3521.4375,3521.546875,3521.671875,3521.8046875,3521.9453125,3522.09375,3522.2578125,3522.4140625,3522.5859375,3522.765625,3522.9609375,3523.1640625,3523.390625,3523.6328125,3523.8984375,3524.3046875,3524.78125,3525.296875,3526.734375,3527.5078125,3528.3671875,3529.2265625,3529.8828125,3530.6015625,3533.1484375,3534.2890625,3535.40625,3537.90625,3538.609375,3539.2578125,3539.8125,3540.359375,3540.9140625,3541.4765625,3542.53125,3544.9375,3546.125,3547.3125,3549.7265625,3550.8125,3551.578125,3552.328125,3553.0859375,3553.890625,3554.859375,3556.078125,3557.6015625,3558.6953125,3559.6875,3560.5859375,3561.078125,3561.5859375,3563.3828125,3564.1015625,3564.5078125,3564.8828125,3565.2421875,3565.59375,3566.0546875,3566.5078125,3566.9609375,3567.40625,3567.8828125,3568.328125,3568.6796875,3568.8046875,3568.890625,3568.984375,3569.03125,3569.1015625,3569.1484375,3569.296875,3569.5078125,3569.578125,3569.6328125,3569.6796875,3569.8046875,3569.828125,3569.859375,3569.890625,3569.921875,3570.0625,3570.1640625,3570.5234375,3570.8046875,3570.953125,3571.03125,3571.125,3571.28125,3571.46875,3571.5703125,3571.6875,3571.8125,3571.953125,3572.1015625,3572.2578125,3572.4296875,3572.625,3572.8359375,3572.9453125,3573.0625,3573.1875,3573.3203125,3573.4609375,3573.6015625,3573.8828125,3574.1875,3574.53125,3574.921875,3575.3828125,3575.8828125,3576.40625,3576.921875,3577.71875,3578.5234375,3579.2578125,3580.8203125,3581.5546875,3581.9375,3582.296875,3582.640625,3582.984375,3583.375,3583.7734375,3584.1796875,3584.59375,3584.9921875,3585.421875,3587.03125,3587.71875,3588.1015625,3588.46875,3588.828125,3589.1875,3589.6171875,3590.0625,3590.53125,3591.0546875,3593.3359375,3593.578125,3593.6484375,3593.6953125,3593.7421875,3593.8046875,3593.8671875,3593.9921875,3594.2109375,3594.2890625,3594.375,3594.4921875,3594.515625,3594.546875,3594.5703125,3594.6015625,3594.734375,3594.828125,3595.21875,3595.4921875,3595.6171875,3595.765625,3595.90625,3596.0703125,3596.265625,3596.375,3596.4921875,3596.6171875,3596.7578125,3596.9140625,3597.078125,3597.2578125,3597.453125,3597.6640625,3597.890625,3598.1328125,3598.390625,3598.6640625,3598.9609375,3599.2734375,3599.609375,3599.9609375,3600.3203125,3600.625,3600.9453125,3601.6328125,3602.296875,3603.96875,3604.4609375,3604.90625,3605.421875,3605.9140625,3606.3984375,3606.890625,3607.21875,3607.5546875,3607.8984375,3608.265625,3608.984375,3610.890625,3611.40625,3611.8984375,3612.40625,3612.9375,3614.609375,3615.2109375,3615.8359375,3616.40625,3616.9765625,3617.5390625,3618.1015625,3618.6796875,3619.2890625,3619.9609375,3620.5859375,3622.1953125,3623.09375,3623.8828125,3624.6875,3625.296875,3625.9375,3626.59375,3627.2421875,3627.8515625,3628.4296875,3628.96875,3629.484375,3630.1328125,3630.7578125,3631.3828125,3632.0078125,3632.6015625,3633.234375,3635.6484375,3636.203125,3636.71875,3637.3203125,3637.9140625,3638.5078125,3639.1328125,3640.0234375,3642.0546875,3643.0703125,3644.0859375,3646.046875,3646.8203125,3647.59375,3648.2890625,3648.7109375,3649.1328125,3649.5546875,3650.0,3650.8046875,3652.7734375,3653.3125,3653.8046875,3654.3203125,3654.8203125,3655.3046875,3655.7890625,3656.390625,3657.0,3657.6328125,3658.3046875,3659.1953125,3660.171875,3660.859375,3661.0625,3661.203125,3661.2734375,3661.3203125,3661.375,3661.4453125,3661.4921875,3661.6484375,3661.8515625,3661.921875,3661.9765625,3662.0234375,3662.1484375,3662.1796875,3662.1953125,3662.2109375,3662.234375,3662.265625,3662.40625,3662.5078125,3662.875,3663.140625,3663.2578125,3663.3984375,3663.53125,3663.6875,3663.8671875,3663.96875,3664.0703125,3664.1796875,3664.3046875,3664.4375,3664.5859375,3664.7421875,3664.9140625,3665.1015625,3665.296875,3665.4140625,3665.53125,3665.65625,3665.7890625,3665.9296875,3666.0703125,3666.375,3666.71875,3667.1015625,3667.53125,3668.0234375,3668.578125,3669.203125,3670.6484375,3671.9765625,3674.6484375,3675.875,3676.5625,3677.203125,3677.8203125,3678.4296875,3678.9765625,3679.5234375,3680.078125,3680.65625,3681.3046875,3682.0078125,3682.71875,3684.53125,3685.046875,3685.484375,3685.9140625,3686.2109375,3686.3125,3686.3828125,3686.4296875,3686.46875,3686.515625,3686.578125,3686.640625,3686.78125,3687.015625,3687.09375,3687.1796875,3687.3046875,3687.3359375,3687.3515625,3687.3671875,3687.390625,3687.421875,3687.578125,3687.703125,3688.0234375,3688.328125,3688.4296875,3688.5390625,3688.6640625,3688.8046875,3688.96875,3689.1640625,3689.2734375,3689.3828125,3689.5,3689.6328125,3689.7734375,3689.921875,3690.0859375,3690.265625,3690.40625,3690.5625,3690.7265625,3690.90625,3691.09375,3691.296875,3691.515625,3691.7578125,3692.09375,3692.4921875,3694.015625,3694.7578125,3695.4765625,3696.2265625,3697.140625,3699.3125,3700.3359375,3701.546875,3704.265625,3705.6953125,3706.5625,3707.390625,3708.1953125,3708.984375,3709.5,3710.0078125,3710.5078125,3711.0,3711.484375,3711.96875,3712.453125,3712.9453125,3713.7734375,3714.65625,3715.484375,3717.4609375,3718.5,3719.046875,3719.5703125,3720.078125,3720.5859375,3721.2578125,3721.9453125,3722.65625,3723.40625,3724.265625,3724.9453125,3725.15625,3725.3046875,3725.40625,3725.4765625,3725.5390625,3725.578125,3725.640625,3725.6796875,3725.828125,3726.046875,3726.1171875,3726.171875,3726.2109375,3726.3359375,3726.3671875,3726.3828125,3726.3984375,3726.421875,3726.453125,3726.6015625,3726.71875,3727.0546875,3727.34375,3727.4296875,3727.515625,3727.6171875,3727.734375,3727.8671875,3728.0234375,3728.1953125,3728.390625,3728.5,3728.609375,3728.734375,3728.8671875,3729.0625,3729.28125,3729.3984375,3729.515625,3729.6484375,3729.78125,3729.921875,3730.0703125,3730.2265625,3730.3984375,3730.765625,3731.1875,3731.6953125,3732.3046875,3733.0703125,3733.9453125,3734.828125,3735.7109375,3738.375,3739.3125,3739.8515625,3740.3671875,3740.859375,3741.34375,3741.8125,3742.28125,3742.765625,3743.265625,3744.1953125,3745.9921875,3746.78125,3747.625,3748.453125,3749.3671875,3750.4453125,3753.4453125,3753.8125,3754.046875,3754.1484375,3754.21875,3754.265625,3754.296875,3754.375,3754.4296875,3754.4609375,3754.5234375,3754.5859375,3754.7890625,3754.8515625,3754.90625,3754.953125,3755.0859375,3755.1171875,3755.1484375,3755.171875,3755.203125,3755.34375,3755.4609375,3755.8125,3756.1015625,3756.1796875,3756.2578125,3756.3515625,3756.4609375,3756.5859375,3756.734375,3756.8984375,3757.078125,3757.28125,3757.3984375,3757.515625,3757.703125,3757.9140625,3758.0234375,3758.140625,3758.265625,3758.3984375,3758.5390625,3758.6796875,3758.828125,3758.9921875,3759.1640625,3759.34375,3759.7421875,3760.0859375,3760.484375,3761.578125,3764.5703125,3765.6171875,3766.703125,3768.7109375,3769.4921875,3770.359375,3771.15625,3771.6484375,3772.140625,3772.6484375,3773.1796875,3774.0859375,3775.9375,3776.8125,3777.8125,3778.96875,3779.609375,3779.9609375,3780.15625,3780.21875,3780.2578125,3780.3046875,3780.359375,3780.4296875,3780.5703125,3780.640625,3780.796875,3780.875,3780.921875,3780.96875,3781.0859375,3781.109375,3781.140625,3781.1640625,3781.1953125,3781.3359375,3781.4375,3781.8046875,3782.09375,3782.2421875,3782.328125,3782.421875,3782.5859375,3782.6796875,3782.78125,3782.890625,3783.0078125,3783.140625,3783.28125,3783.4375,3783.6015625,3783.78125,3783.984375,3784.203125,3784.3203125,3784.4453125,3784.5703125,3784.703125,3784.84375,3784.9921875,3785.265625,3785.5546875,3785.875,3786.21875,3786.59375,3787.0,3787.4296875,3787.8828125,3788.4140625,3788.984375,3791.6484375,3792.328125,3792.96875,3793.6015625,3794.265625,3796.3515625,3797.125,3797.90625,3798.6953125,3799.5703125,3801.90625,3802.09375,3802.21875,3802.3046875,3802.3515625,3802.390625,3802.453125,3802.5078125,3802.6328125,3802.8515625,3802.9296875,3802.9765625,3803.015625,3803.125,3803.1484375,3803.1796875,3803.203125,3803.234375,3803.3671875,3803.4609375,3803.8515625,3804.1328125,3804.2578125,3804.40625,3804.546875,3804.71875,3804.8125,3804.9140625,3805.0234375,3805.1484375,3805.28125,3805.421875,3805.578125,3805.7421875,3805.921875,3806.125,3806.34375,3806.4609375,3806.5859375,3806.828125,3807.0859375,3807.3671875,3807.671875,3808.0,3808.359375,3808.7421875,3809.15625,3809.859375,3810.65625,3811.4296875,3813.5078125,3814.140625,3814.7265625,3815.390625,3816.046875,3816.703125,3817.359375,3818.046875,3818.734375,3819.4140625,3820.0703125,3820.703125,3821.3203125,3821.921875,3822.5078125,3822.953125,3823.3984375,3823.8515625,3824.3203125,3824.7265625,3825.1796875,3826.7734375,3827.4453125,3828.15625,3828.8359375,3829.5078125,3830.21875,3830.890625,3832.4921875,3832.9375,3833.34375,3833.796875,3834.21875,3834.6328125,3835.03125,3835.3984375,3835.765625,3836.1484375,3836.5546875,3837.34375,3839.2421875,3840.203125,3840.7421875,3841.2890625,3841.8515625,3842.4375,3843.3203125,3844.3359375,3845.375,3846.2890625,3847.0234375,3847.6953125,3848.328125,3848.9453125,3849.765625,3850.6015625,3851.4765625,3852.4296875,3853.6640625,3855.1640625,3856.5859375,3858.96875,3859.8984375,3860.46875,3860.9921875,3861.4765625,3861.9375,3862.453125,3862.9453125,3863.4375,3863.9375,3864.3671875,3864.84375,3866.375,3866.921875,3867.4453125,3867.921875,3868.390625,3868.84375,3869.2890625,3869.734375,3870.203125,3870.6796875,3871.1796875,3871.7109375,3872.375,3873.203125,3874.234375,3874.484375,3874.65625,3874.75,3874.8125,3874.8515625,3874.8828125,3874.9609375,3875.0078125,3875.15625,3875.359375,3875.421875,3875.4765625,3875.515625,3875.6484375,3875.6796875,3875.7109375,3875.734375,3875.765625,3875.9140625,3876.0390625,3876.375,3876.671875,3876.765625,3876.875,3876.9921875,3877.1328125,3877.2890625,3877.4765625,3877.578125,3877.6875,3877.8046875,3877.9296875,3878.0703125,3878.21875,3878.375,3878.546875,3878.75,3878.9765625,3879.09375,3879.21875,3879.484375,3879.7734375,3880.09375,3880.4453125,3880.8359375,3881.5078125,3882.328125,3883.1171875,3885.65625,3886.53125,3887.390625,3888.328125,3889.3359375,3890.390625,3891.3828125,3892.1953125,3892.953125,3893.6796875,3894.3828125,3895.2890625,3896.234375,3897.171875,3898.7109375,3899.1171875,3899.328125,3899.46875,3899.5625,3899.6171875,3899.6640625,3899.71875,3899.78125,3899.921875,3900.1484375,3900.2265625,3900.3125,3900.4375,3900.4609375,3900.4921875,3900.515625,3900.546875,3900.6875,3900.8046875,3901.15625,3901.453125,3901.5390625,3901.625,3901.734375,3901.859375,3902.0,3902.1640625,3902.3515625,3902.453125,3902.5625,3902.6796875,3902.8046875,3902.9375,3903.0859375,3903.203125,3903.328125,3903.4609375,3903.59375,3903.734375,3903.890625,3904.0546875,3904.2265625,3904.40625,3904.6015625,3904.8125,3905.0390625,3905.546875,3906.15625,3906.8828125,3907.671875,3908.4375,3909.1875,3909.8046875,3910.453125,3913.046875,3913.6796875,3914.265625,3914.9375,3915.6015625,3916.265625,3916.9609375,3917.4921875,3918.0859375,3920.265625,3921.2734375,3922.3046875,3924.1015625,3924.8125,3925.578125,3926.2890625,3927.171875,3928.09375,3928.984375,3930.7578125,3931.5390625,3932.390625,3933.2265625,3933.84375,3934.484375,3935.1328125,3935.6640625,3935.984375,3936.1953125,3936.328125,3936.4140625,3936.46875,3936.515625,3936.5703125,3936.609375,3936.7578125,3936.984375,3937.0625,3937.109375,3937.15625,3937.28125,3937.3125,3937.34375,3937.3671875,3937.3984375,3937.546875,3937.6484375,3938.0,3938.3125,3938.3984375,3938.4921875,3938.6015625,3938.734375,3938.828125,3938.9375,3939.0546875,3939.1875,3939.328125,3939.484375,3939.65625,3939.84375,3940.046875,3940.15625,3940.2734375,3940.390625,3940.515625,3940.6484375,3940.7890625,3940.9375,3941.09375,3941.2578125,3941.4296875,3941.6171875,3941.8125,3942.25,3942.5703125,3942.921875,3943.7578125,3944.765625,3945.796875,3946.609375,3947.4375,3949.859375,3950.6484375,3951.4609375,3952.2109375,3952.65625,3953.09375,3953.546875,3954.0078125,3954.90625,3956.6171875,3957.3359375,3958.109375,3958.8515625,3959.4140625,3960.0,3960.625,3961.265625,3961.7265625,3962.03125,3962.203125,3962.296875,3962.34375,3962.40625,3962.46875,3962.6015625,3962.8125,3962.890625,3962.9765625,3963.09375,3963.1171875,3963.1484375,3963.171875,3963.203125,3963.3359375,3963.4375,3963.8203125,3964.09375,3964.2265625,3964.375,3964.515625,3964.6875,3964.8828125,3964.9921875,3965.1171875,3965.2421875,3965.3828125,3965.5390625,3965.703125,3965.8828125,3966.078125,3966.296875,3966.53125,3966.71875,3966.921875,3967.140625,3967.3828125,3967.640625,3967.921875,3968.2265625,3968.5703125,3969.296875,3970.1640625,3971.046875,3973.1328125,3973.71875,3974.25,3974.875,3975.4765625,3976.0625,3976.65625,3977.4375,3978.28125,3979.0546875,3981.09375,3981.7109375,3982.3125,3983.3515625,3985.53125,3986.078125,3986.5703125,3987.2421875,3987.875,3988.4921875,3989.109375,3989.53125,3989.9609375,3990.40625,3990.8671875,3991.796875,3993.609375,3994.375,3995.1875,3995.9453125,3996.390625,3996.828125,3997.2734375,3997.7265625,3998.1796875,3998.6640625,3999.9921875,4000.046875,4000.1328125,4000.265625,4000.4375,4000.6484375,4000.890625,4001.4375,4002.03125,4002.671875,4003.359375,4004.09375,4004.828125,4005.59375,4006.40625,4007.2578125,4008.1484375,4009.09375,4010.0859375,4011.1328125,4011.9296875,4012.765625,4013.6328125,4014.53125,4015.46875,4016.453125,4017.4765625,4018.546875,4020.8359375,4023.3359375,4026.0703125,4029.0703125,4031.25,4033.5703125,4036.0546875,4038.7265625,4044.6875,4051.8125,4062.8046875,4088.1953125,4102.3125,4132.0859375,4177.4609375,4250.0
-75.388,-75.388,-75.07,-74.714,-74.28,-73.77,-73.206,-72.623,-72.038,-71.479,-70.517,-70.072,-69.66,-69.279,-68.929,-68.602,-68.306,-68.002,-67.729,-67.475,-67.246,-67.063,-66.881,-66.259,-65.951,-65.553,-65.094,-64.542,-63.865,-63.121,-61.52,-60.833,-60.145,-59.552,-59.217,-58.91,-58.633,-58.381,-57.997,-57.559,-57.448,-57.384,-57.313,-57.239,-57.131,-56.804,-55.931,-54.372,-44.042,-40.689,-34.274,-29.598,-24.014,-17.767,9.7615,12.713,14.084,13.565,11.506,-1.4417,-8.6384,-30.609,-49.774,-56.511,-61.575,-64.801,-67.443,-68.552,-69.631,-70.583,-71.417,-72.143,-72.803,-73.362,-73.853,-74.274,-74.627,-74.923,-75.161,-75.272,-75.363,-75.439,-75.495,-75.534,-75.554,-75.542,-75.457,-75.3,-75.077,-74.794,-74.538,-74.25,-73.925,-73.554,-72.81,-70.895,-70.383,-69.948,-69.515,-69.147,-68.83,-68.554,-68.394,-68.241,-67.936,-67.141,-66.534,-66.323,-66.046,-65.472,-65.271,-65.142,-65.038,-64.827,-64.745,-64.63,-64.483,-64.332,-64.149,-63.933,-63.676,-63.149,-61.889,-61.604,-61.372,-61.167,-60.999,-60.87,-60.778,-60.728,-60.702,-60.698,-60.717,-60.805,-61.062,-61.155,-61.213,-61.218,-61.172,-61.073,-60.947,-60.591,-60.44,-60.389,-60.362,-60.359,-60.38,-60.423,-60.49,-60.581,-60.697,-61.01,-61.912,-62.314,-62.496,-62.645,-62.759,-62.845,-62.911,-62.943,-62.944,-62.91,-62.919,-62.946,-62.993,-63.063,-63.423,-63.48,-63.504,-63.49,-63.433,-63.35,-63.132,-63.053,-63.017,-63.024,-63.081,-63.189,-63.327,-63.67,-63.804,-63.879,-63.881,-63.816,-63.685,-63.484,-63.211,-62.923,-62.566,-61.131,-60.562,-60.289,-60.049,-59.843,-59.666,-59.45,-59.279,-59.16,-58.872,-58.747,-58.599,-58.364,-57.761,-57.334,-57.222,-57.107,-57.032,-56.947,-56.813,-56.657,-55.487,-54.336,-43.422,-34.611,-30.907,-25.545,-18.957,8.6318,12.224,13.25,12.707,10.815,-1.9967,-9.6907,-30.634,-49.643,-56.579,-59.539,-62.047,-65.274,-67.822,-68.864,-69.852,-70.706,-71.476,-72.118,-72.646,-73.109,-73.464,-73.741,-73.844,-73.928,-73.992,-74.032,-74.052,-74.051,-73.994,-73.857,-73.648,-73.35,-73.017,-72.584,-70.951,-70.269,-69.674,-69.119,-68.636,-68.132,-66.308,-65.411,-64.436,-62.248,-61.693,-61.213,-60.775,-60.398,-60.066,-59.784,-59.544,-59.346,-59.191,-59.078,-59.008,-58.974,-58.977,-59.015,-59.08,-59.176,-59.627,-59.787,-59.848,-59.886,-59.899,-59.888,-59.854,-59.796,-59.712,-59.602,-59.354,-58.668,-58.502,-58.378,-58.28,-58.227,-58.219,-58.256,-58.347,-58.492,-58.696,-58.958,-59.222,-59.54,-60.605,-60.935,-61.217,-61.437,-61.617,-61.739,-61.808,-61.823,-61.788,-61.705,-61.572,-61.389,-61.184,-60.932,-59.889,-59.479,-59.283,-59.121,-58.989,-58.885,-58.816,-58.765,-58.732,-58.717,-58.73,-58.822,-58.846,-58.839,-58.791,-58.703,-58.569,-58.416,-58.021,-57.846,-57.722,-57.669,-57.683,-57.758,-57.89,-58.265,-58.418,-58.531,-58.576,-58.556,-58.472,-58.349,-58.004,-57.869,-57.83,-57.816,-57.827,-57.862,-57.929,-58.028,-58.606,-58.735,-58.835,-58.909,-58.964,-59.106,-59.172,-59.263,-59.396,-59.573,-59.773,-60.305,-60.546,-60.641,-60.699,-60.719,-60.7,-60.612,-60.45,-60.215,-59.893,-59.511,-59.01,-57.661,-57.243,-57.098,-56.962,-56.829,-56.672,-55.872,-54.63,-52.789,-47.33,-43.296,-32.058,-27.205,-21.24,9.36,13.47,14.728,14.219,12.262,-1.7772,-10.559,-30.643,-50.735,-54.921,-58.434,-61.538,-64.213,-66.482,-68.461,-70.054,-71.408,-71.966,-72.495,-72.927,-73.322,-73.769,-73.958,-74.113,-74.244,-74.352,-74.436,-74.493,-74.529,-74.542,-74.532,-74.5,-74.443,-74.363,-74.129,-73.741,-73.194,-72.417,-70.242,-69.139,-68.298,-65.661,-62.328,-61.642,-61.056,-60.585,-60.161,-59.765,-59.39,-58.952,-58.499,-58.094,-57.477,-57.318,-57.222,-57.129,-57.024,-56.901,-56.606,-55.905,-55.076,-54.139,-43.538,-34.324,-29.87,-25.588,-18.963,8.8486,12.391,13.148,13.322,12.696,10.7,-2.2532,-9.3232,-30.499,-49.974,-54.138,-57.394,-60.397,-63.064,-66.107,-67.458,-68.65,-69.691,-70.644,-71.45,-72.159,-72.741,-73.252,-73.664,-73.993,-74.23,-74.321,-74.393,-74.443,-74.477,-74.492,-74.489,-74.458,-74.397,-74.305,-74.18,-73.822,-73.268,-72.394,-71.553,-70.747,-69.882,-68.952,-66.345,-65.453,-63.449,-62.806,-62.179,-61.574,-60.906,-57.606,-57.38,-57.196,-57.033,-56.865,-56.56,-55.791,-55.032,-53.991,-43.892,-34.087,-29.03,-17.405,11.344,14.176,15.075,15.288,12.986,-0.23386,-7.705,-30.682,-49.909,-56.818,-59.409,-61.905,-65.089,-67.658,-68.802,-69.81,-70.688,-71.447,-72.128,-72.695,-73.18,-73.564,-73.872,-74.112,-74.271,-74.324,-74.356,-74.372,-74.357,-74.312,-74.234,-74.123,-73.985,-73.607,-73.183,-72.636,-70.267,-69.744,-69.298,-68.823,-68.416,-68.059,-67.747,-67.545,-67.362,-67.2,-67.051,-66.822,-66.309,-66.111,-65.892,-65.623,-65.3,-64.957,-64.052,-63.597,-63.378,-63.2,-63.056,-62.946,-62.864,-62.811,-62.783,-62.768,-62.748,-62.694,-62.603,-62.466,-62.278,-62.071,-61.553,-61.323,-61.151,-61.096,-61.062,-61.047,-61.061,-61.104,-61.177,-61.277,-61.411,-62.08,-62.343,-62.453,-62.531,-62.577,-62.59,-62.574,-62.527,-62.449,-62.339,-62.079,-61.412,-61.167,-61.088,-61.036,-61.008,-61.005,-61.043,-61.131,-61.272,-61.465,-61.669,-61.918,-62.789,-63.075,-63.317,-63.498,-63.635,-63.718,-63.75,-63.731,-63.659,-63.533,-63.352,-63.113,-62.849,-62.525,-60.756,-60.3,-59.905,-59.519,-59.206,-58.966,-58.795,-58.697,-58.648,-58.65,-58.701,-58.789,-58.923,-59.086,-59.559,-59.684,-59.779,-59.861,-59.907,-59.917,-59.893,-59.825,-59.709,-59.555,-59.052,-58.919,-58.823,-58.76,-58.728,-58.74,-58.724,-58.664,-58.556,-58.448,-58.312,-58.146,-57.945,-57.678,-57.384,-57.14,-56.939,-56.835,-56.722,-56.594,-56.433,-55.431,-54.194,-43.255,-34.397,-31.026,-26.515,-21.611,7.6341,12.013,13.16,13.73,13.193,11.298,-1.572,-9.3068,-30.724,-48.778,-55.678,-60.675,-63.879,-66.538,-68.686,-69.577,-70.43,-71.175,-71.819,-72.372,-72.863,-73.285,-73.624,-73.898,-74.115,-74.214,-74.291,-74.344,-74.375,-74.383,-74.368,-74.332,-74.271,-74.08,-73.798,-73.435,-72.99,-72.59,-72.142,-71.637,-71.074,-69.97,-67.254,-66.557,-65.966,-65.371,-64.86,-64.423,-64.048,-63.831,-63.633,-63.46,-63.303,-63.073,-62.716,-62.552,-62.353,-62.127,-61.847,-61.51,-61.138,-60.12,-59.836,-59.6,-59.356,-59.166,-59.023,-58.925,-58.878,-58.858,-58.867,-58.902,-59.015,-59.359,-59.487,-59.57,-59.723,-59.82,-59.949,-60.245,-60.342,-60.402,-60.41,-60.382,-60.325,-59.957,-59.889,-59.849,-59.835,-59.847,-59.974,-60.0,-59.988,-59.928,-59.79,-59.575,-59.319,-58.675,-58.41,-58.308,-58.241,-58.208,-58.208,-58.24,-58.304,-58.4,-58.533,-58.693,-58.891,-59.847,-60.245,-60.429,-60.576,-60.688,-60.77,-60.835,-60.835,-60.782,-60.605,-60.54,-60.506,-60.515,-60.555,-60.628,-60.994,-61.171,-61.284,-61.332,-61.326,-61.278,-61.186,-61.047,-60.883,-60.669,-59.86,-59.597,-59.478,-59.388,-59.325,-59.288,-59.276,-59.297,-59.351,-59.439,-59.541,-59.675,-60.196,-60.383,-60.534,-60.623,-60.647,-60.65,-60.63,-60.588,-60.524,-60.436,-60.326,-60.192,-59.902,-59.526,-58.196,-57.437,-57.261,-57.093,-56.926,-56.729,-56.328,-55.177,-53.953,-43.986,-33.753,-28.663,-17.072,10.577,13.38,14.654,14.158,12.219,-1.063,-8.8854,-30.773,-50.635,-54.778,-58.268,-61.363,-64.039,-65.713,-67.188,-68.477,-69.596,-70.612,-71.466,-72.212,-72.846,-73.369,-73.8,-74.124,-74.254,-74.355,-74.441,-74.5,-74.537,-74.553,-74.547,-74.521,-74.402,-74.191,-73.874,-73.406,-72.115,-71.504,-70.862,-69.571,-68.894,-68.417,-67.887,-66.17,-65.594,-65.05,-64.826,-64.63,-64.399,-64.217,-64.077,-63.974,-63.919,-63.885,-63.856,-63.831,-63.779,-63.694,-63.572,-63.412,-63.208,-62.961,-62.743,-62.495,-61.897,-61.281,-59.752,-59.034,-58.661,-58.317,-57.449,-57.269,-57.172,-57.075,-56.821,-56.115,-55.267,-54.295,-43.861,-34.392,-29.654,-23.973,-17.557,10.769,13.688,14.973,14.402,12.309,-0.68033,-8.009,-30.426,-49.886,-56.35,-61.515,-64.615,-67.282,-68.388,-69.453,-70.326,-71.14,-71.836,-72.425,-72.939,-73.356,-73.698,-73.973,-74.161,-74.231,-74.28,-74.315,-74.327,-74.319,-74.289,-74.165,-73.954,-73.654,-73.251,-71.535,-70.77,-70.088,-69.469,-69.067,-68.648,-67.206,-66.505,-65.797,-64.324,-63.727,-63.137,-62.638,-62.334,-62.038,-61.161,-60.762,-60.271,-59.319,-58.951,-58.589,-58.303,-58.131,-57.981,-57.849,-57.725,-57.563,-57.404,-57.213,-57.178,-57.132,-57.067,-56.984,-56.773,-56.286,-55.335,-54.319,-43.534,-40.418,-34.452,-29.725,-25.531,-19.129,7.5453,11.235,12.474,11.805,9.8929,-3.7509,-12.488,-30.595,-49.494,-54.271,-57.87,-61.008,-63.693,-66.069,-68.007,-69.623,-70.925,-71.478,-71.964,-72.385,-72.743,-73.131,-73.288,-73.414,-73.519,-73.601,-73.656,-73.687,-73.694,-73.676,-73.634,-73.567,-73.359,-73.054,-72.742,-72.369,-71.926,-71.402,-70.313,-68.056,-67.123,-66.213,-65.448,-65.05,-64.682,-64.344,-64.037,-63.761,-63.507,-63.272,-63.059,-62.857,-62.66,-61.907,-61.692,-61.466,-61.199,-60.886,-59.803,-59.427,-59.084,-58.845,-58.721,-58.647,-58.622,-58.644,-58.705,-58.807,-59.315,-59.483,-59.538,-59.559,-59.546,-59.499,-59.392,-59.23,-59.011,-58.726,-58.343,-57.874,-57.347,-56.937,-56.776,-56.621,-56.469,-56.316,-55.455,-54.323,-52.484,-47.038,-43.011,-34.529,-31.61,-27.311,-21.479,8.6755,12.929,14.35,13.945,12.094,-1.0869,-8.9123,-30.746,-49.529,-56.299,-61.15,-64.254,-66.926,-69.032,-69.92,-70.748,-71.458,-72.06,-72.59,-73.022,-73.382,-73.68,-73.9,-74.048,-74.101,-74.132,-74.144,-74.136,-74.061,-73.905,-73.671,-73.359,-72.981,-72.532,-72.13,-71.675,-71.176,-70.611,-69.511,-66.752,-66.03,-65.409,-64.771,-64.223,-63.757,-63.357,-63.123,-62.922,-62.745,-62.588,-62.465,-62.352,-61.922,-61.779,-61.617,-61.429,-61.202,-60.243,-60.071,-59.934,-59.829,-59.749,-59.688,-59.65,-59.632,-59.636,-59.66,-59.706,-59.849,-60.077,-60.33,-61.025,-61.366,-61.617,-61.827,-61.96,-62.074,-62.168,-62.238,-62.281,-62.299,-62.292,-62.259,-62.178,-62.05,-61.875,-61.646,-61.411,-61.124,-60.027,-59.613,-59.234,-59.083,-58.951,-58.777,-58.642,-58.549,-58.332,-58.238,-58.125,-57.554,-57.265,-57.222,-57.173,-57.119,-57.044,-56.958,-56.826,-56.364,-55.27,-54.148,-43.62,-40.435,-34.308,-29.957,-25.808,-19.445,9.0066,11.651,12.973,12.85,12.321,10.388,-3.4433,-12.247,-30.425,-49.546,-54.037,-57.762,-60.792,-63.596,-65.952,-67.906,-69.566,-70.928,-71.498,-72.011,-72.466,-72.886,-73.192,-73.458,-73.674,-73.866,-74.019,-74.135,-74.219,-74.264,-74.274,-74.248,-74.188,-74.091,-73.956,-73.789,-73.583,-73.346,-72.885,-72.333,-71.689,-70.954,-69.484,-66.763,-65.743,-64.761,-63.915,-63.073,-62.351,-61.725,-61.445,-61.189,-60.866,-60.573,-60.315,-60.079,-59.908,-59.738,-59.204,-58.961,-58.676,-58.361,-57.975,-57.567,-57.224,-57.085,-56.953,-56.839,-56.727,-56.432,-55.364,-54.268,-43.332,-34.519,-30.672,-25.922,-19.422,9.9909,12.569,13.682,13.143,11.213,-2.4242,-11.437,-30.457,-50.286,-55.03,-58.799,-61.781,-64.461,-66.763,-68.593,-70.128,-70.755,-71.31,-71.793,-72.207,-72.572,-72.865,-73.145,-73.253,-73.335,-73.395,-73.432,-73.447,-73.439,-73.409,-73.354,-73.177,-72.907,-72.534,-72.013,-71.345,-70.532,-69.599,-67.783,-63.982,-63.065,-62.311,-61.865,-61.467,-61.112,-60.8,-60.53,-60.296,-60.104,-59.945,-59.802,-59.707,-59.658,-59.654,-59.684,-59.744,-60.09,-60.212,-60.249,-60.261,-60.248,-60.21,-60.087,-59.879,-59.636,-58.927,-58.584,-58.452,-58.354,-58.285,-58.245,-58.234,-58.242,-58.269,-58.316,-58.441,-58.778,-58.888,-58.916,-58.924,-58.911,-58.879,-58.781,-58.628,-58.416,-58.14,-57.757,-57.34,-57.168,-57.015,-56.874,-56.738,-56.629,-56.508,-56.096,-54.978,-53.865,-43.629,-33.939,-29.77,-24.486,-18.654,9.4305,12.899,13.628,13.784,13.156,11.187,-1.667,-9.344,-30.64,-50.431,-54.776,-58.084,-61.041,-63.614,-65.23,-66.655,-67.902,-68.982,-69.96,-70.779,-71.488,-72.107,-72.583,-72.964,-73.11,-73.235,-73.337,-73.412,-73.465,-73.496,-73.505,-73.49,-73.454,-73.394,-73.207,-72.873,-72.372,-71.612,-70.574,-69.66,-68.767,-66.127,-65.286,-64.826,-64.418,-64.049,-63.719,-63.396,-63.1,-62.83,-62.582,-62.184,-61.491,-61.154,-60.732,-60.25,-59.827,-59.308,-58.195,-57.584,-57.334,-57.14,-56.971,-56.782,-56.478,-55.724,-54.013,-43.652,-34.232,-29.497,-24.849,-17.531,10.076,13.007,14.409,13.964,12.043,-1.9425,-10.031,-30.454,-50.086,-54.265,-57.513,-60.492,-63.124,-65.401,-67.422,-69.067,-70.383,-71.45,-71.918,-72.303,-72.778,-73.154,-73.297,-73.417,-73.513,-73.584,-73.629,-73.648,-73.643,-73.612,-73.559,-73.48,-73.243,-73.031,-72.762,-72.002,-70.308,-67.305,-66.244,-64.235,-63.505,-62.745,-62.098,-61.713,-61.352,-61.018,-60.7,-60.204,-59.34,-58.935,-58.456,-57.93,-57.501,-57.206,-57.086,-56.976,-56.874,-56.75,-56.469,-55.614,-54.851,-53.791,-43.867,-40.444,-34.162,-29.44,-24.808,-17.545,9.7235,12.649,14.081,13.672,11.8,-1.3924,-9.1022,-30.547,-50.109,-57.215,-60.036,-62.431,-65.52,-66.853,-68.043,-69.095,-70.07,-70.901,-71.603,-72.217,-72.717,-73.15,-73.491,-73.745,-73.842,-73.922,-73.982,-74.021,-74.043,-74.044,-74.0,-73.897,-73.732,-73.501,-73.206,-72.849,-72.435,-71.966,-71.391,-70.731,-67.612,-66.863,-66.193,-65.569,-64.952,-63.124,-62.425,-61.674,-60.863,-59.633,-57.596,-57.332,-57.126,-56.941,-56.762,-56.392,-55.556,-53.763,-44.016,-33.923,-29.312,-24.284,-17.806,11.631,14.617,15.833,15.151,13.558,0.2128,-7.3166,-30.29,-50.148,-57.021,-59.584,-62.05,-65.188,-67.709,-68.828,-69.812,-70.666,-71.401,-72.058,-72.6,-73.06,-73.435,-73.724,-73.93,-74.007,-74.061,-74.096,-74.112,-74.091,-74.009,-73.866,-73.657,-73.384,-73.05,-72.647,-72.182,-71.321,-70.274,-69.202,-66.302,-65.456,-64.702,-63.879,-63.123,-62.415,-61.755,-61.094,-60.488,-59.952,-59.485,-59.092,-58.773,-58.522,-58.339,-58.245,-58.188,-58.166,-58.181,-58.22,-58.285,-58.598,-58.706,-58.77,-58.767,-58.7,-58.566,-58.395,-57.924,-57.812,-57.731,-57.666,-57.638,-57.645,-57.687,-57.753,-57.845,-57.97,-58.131,-58.521,-59.63,-60.148,-60.409,-60.65,-60.874,-61.085,-61.365,-61.647,-61.91,-62.113,-62.245,-62.332,-62.377,-62.382,-62.362,-62.323,-62.265,-62.187,-61.97,-61.657,-61.178,-60.531,-59.878,-58.724,-58.309,-58.089,-57.922,-57.805,-57.738,-57.719,-57.761,-57.863,-58.032,-58.224,-58.487,-59.475,-59.816,-60.101,-60.307,-60.444,-60.515,-60.52,-60.459,-60.329,-60.129,-59.854,-59.497,-58.985,-58.293,-57.479,-57.223,-57.022,-56.887,-56.751,-56.608,-56.434,-55.373,-54.271,-43.149,-34.531,-31.03,-26.294,-21.054,9.9063,13.909,15.044,14.458,12.43,-0.95374,-8.2304,-30.593,-49.48,-56.31,-59.147,-61.59,-64.725,-67.361,-68.479,-69.465,-70.327,-71.072,-71.742,-72.299,-72.775,-73.167,-73.473,-73.698,-73.784,-73.847,-73.892,-73.917,-73.922,-73.882,-73.798,-73.673,-73.501,-73.284,-73.015,-72.693,-72.17,-71.518,-68.155,-67.225,-66.339,-65.235,-64.088,-62.992,-62.038,-61.409,-60.837,-60.305,-59.806,-58.976,-57.722,-57.395,-57.244,-57.104,-56.98,-56.822,-56.471,-55.685,-54.143,-43.802,-34.052,-29.184,-18.249,9.4985,13.375,14.21,14.412,12.283,-2.3793,-10.85,-30.215,-50.807,-55.534,-59.509,-62.746,-65.382,-67.604,-69.474,-70.214,-70.92,-71.534,-72.062,-72.508,-72.896,-73.207,-73.458,-73.587,-73.691,-73.769,-73.819,-73.847,-73.85,-73.827,-73.78,-73.61,-73.338,-72.94,-72.406,-71.772,-71.103,-70.434,-69.744,-69.13,-68.453,-65.601,-64.944,-64.388,-63.807,-63.304,-62.875,-62.509,-62.226,-61.964,-61.75,-61.205,-60.825,-60.399,-59.284,-58.988,-58.751,-58.514,-58.344,-58.24,-58.107,-58.034,-57.922,-57.775,-57.647,-57.503,-57.346,-57.194,-57.069,-56.953,-56.835,-56.696,-56.449,-55.91,-55.017,-53.914,-43.378,-34.172,-29.71,-25.436,-18.87,8.3504,11.914,12.971,12.476,10.664,-3.1517,-11.492,-30.495,-49.459,-53.903,-57.319,-60.378,-63.041,-65.32,-67.235,-68.88,-70.192,-70.788,-71.287,-71.733,-72.126,-72.649,-72.873,-73.053,-73.204,-73.325,-73.417,-73.479,-73.512,-73.518,-73.496,-73.444,-73.366,-73.257,-72.944,-72.409,-71.621,-70.643,-69.682,-68.917,-68.105,-65.568,-64.746,-63.939,-63.28,-62.944,-62.637,-62.355,-62.093,-61.671,-61.003,-60.719,-60.382,-60.018,-59.522,-58.939,-58.234,-57.517,-57.221,-56.984,-56.774,-56.58,-56.225,-55.409,-53.733,-44.141,-33.435,-27.193,-16.822,10.051,13.991,14.817,14.992,12.735,-0.84627,-8.1216,-30.524,-49.368,-56.232,-59.077,-61.52,-64.646,-67.267,-68.298,-69.289,-70.152,-70.896,-71.529,-72.088,-72.564,-72.938,-73.236,-73.463,-73.551,-73.616,-73.663,-73.69,-73.7,-73.674,-73.615,-73.518,-73.387,-73.215,-72.743,-72.123,-71.331,-70.511,-68.636,-67.726,-67.254,-66.846,-66.49,-66.176,-65.979,-65.8,-65.485,-65.227,-64.679,-64.347,-63.938,-62.99,-62.782,-62.618,-62.43,-62.368,-62.326,-62.304,-62.303,-62.321,-62.359,-62.466,-62.632,-62.827,-63.337,-63.566,-63.658,-63.724,-63.765,-63.781,-63.773,-63.745,-63.695,-63.622,-63.447,-62.992,-62.824,-62.772,-62.744,-62.739,-62.758,-62.8,-62.867,-62.959,-63.08,-63.345,-64.049,-64.211,-64.335,-64.436,-64.494,-64.509,-64.482,-64.381,-64.204,-63.949,-63.606,-63.273,-62.868,-61.339,-60.732,-60.179,-59.73,-59.374,-59.105,-58.919,-58.856,-58.814,-58.791,-58.794,-58.822,-58.874,-58.954,-59.06,-59.192,-59.352,-59.69,-60.122,-60.599,-61.891,-62.244,-62.542,-62.841,-63.084,-63.275,-63.415,-63.489,-63.538,-63.564,-63.567,-63.519,-63.325,-63.263,-63.248,-63.297,-63.393,-63.544,-63.738,-64.241,-64.472,-64.696,-64.886,-65.096,-65.259,-65.343,-65.358,-65.331,-65.272,-64.989,-64.898,-64.847,-64.795,-64.753,-64.66,-64.516,-64.379,-64.213,-64.01,-63.768,-63.269,-62.054,-61.784,-61.56,-61.366,-61.208,-61.087,-61.001,-60.954,-60.93,-60.927,-60.946,-61.032,-61.288,-61.382,-61.439,-61.44,-61.392,-61.289,-61.163,-60.832,-60.696,-60.612,-60.576,-60.584,-60.632,-60.722,-60.856,-61.007,-61.2,-62.135,-62.538,-62.718,-62.862,-62.975,-63.059,-63.123,-63.154,-63.157,-63.128,-63.138,-63.166,-63.215,-63.286,-63.651,-63.71,-63.735,-63.722,-63.666,-63.584,-63.369,-63.293,-63.257,-63.265,-63.321,-63.429,-63.565,-63.918,-64.056,-64.103,-64.127,-64.129,-64.108,-64.032,-63.9,-63.711,-63.459,-63.183,-62.839,-61.34,-61.011,-60.727,-60.431,-60.183,-59.97,-59.794,-59.644,-59.518,-59.182,-58.976,-58.723,-58.068,-57.913,-57.786,-57.671,-57.578,-57.368,-57.265,-57.19,-57.108,-57.021,-56.93,-56.851,-56.761,-56.658,-56.513,-55.66,-54.466,-52.758,-46.934,-43.138,-34.838,-31.824,-27.944,-22.844,7.3388,11.168,12.137,12.557,11.983,10.15,-2.7726,-10.16,-31.062,-47.838,-54.611,-59.626,-62.864,-65.455,-67.677,-68.599,-69.481,-70.207,-70.879,-71.452,-71.935,-72.353,-72.687,-72.956,-73.165,-73.255,-73.319,-73.364,-73.385,-73.384,-73.36,-73.25,-73.046,-72.747,-72.348,-71.843,-71.333,-70.761,-70.15,-69.486,-68.251,-65.469,-64.244,-63.673,-63.16,-62.7,-62.285,-61.905,-61.567,-61.277,-61.025,-60.812,-60.641,-60.508,-60.409,-60.341,-60.315,-60.331,-60.434,-60.459,-60.44,-60.365,-60.221,-59.999,-59.739,-59.029,-58.848,-58.708,-58.584,-58.507,-58.476,-58.491,-58.564,-58.697,-58.893,-59.153,-59.422,-59.746,-60.839,-61.174,-61.453,-61.67,-61.839,-61.951,-62.005,-62.004,-61.958,-61.869,-61.738,-61.56,-61.365,-61.121,-60.099,-59.697,-59.502,-59.342,-59.211,-59.108,-59.04,-58.991,-58.944,-58.958,-59.049,-59.073,-59.068,-59.023,-58.938,-58.808,-58.658,-58.268,-58.096,-57.979,-57.951,-57.942,-57.975,-58.073,-58.203,-58.558,-58.7,-58.779,-58.809,-58.785,-58.699,-58.576,-58.229,-58.095,-58.055,-58.037,-58.043,-58.071,-58.136,-58.238,-58.804,-58.926,-59.02,-59.091,-59.143,-59.232,-59.276,-59.347,-59.447,-59.585,-59.765,-60.4,-60.58,-60.716,-60.808,-60.868,-60.855,-60.82,-60.767,-60.605,-60.451,-60.258,-60.021,-59.74,-59.176,-57.465,-57.213,-57.008,-56.805,-56.487,-55.309,-53.947,-43.982,-33.664,-28.49,-18.181,9.7102,13.642,14.76,14.186,12.188,-1.7326,-10.386,-30.578,-50.287,-54.805,-58.226,-61.267,-63.9,-66.256,-68.188,-69.809,-71.121,-71.663,-72.147,-72.572,-72.959,-73.368,-73.691,-73.818,-73.917,-73.998,-74.058,-74.097,-74.115,-74.112,-74.089,-73.976,-73.778,-73.6,-73.377,-72.787,-72.164,-69.894,-69.131,-68.394,-67.571,-65.204,-62.283,-61.596,-61.013,-60.529,-60.097,-59.697,-59.32,-58.864,-58.389,-57.96,-57.423,-57.297,-57.21,-57.121,-57.019,-56.902,-56.575,-55.731,-54.991,-53.972,-43.769,-40.5,-34.242,-29.761,-25.444,-18.772,8.8937,12.368,13.107,13.274,12.656,10.693,-2.0819,-9.6052,-30.426,-50.409,-54.698,-57.983,-60.937,-63.524,-65.157,-66.605,-67.879,-68.99,-70.006,-70.864,-71.617,-72.261,-72.797,-73.229,-73.574,-73.715,-73.829,-73.923,-73.997,-74.05,-74.085,-74.098,-74.092,-74.019,-73.897,-73.715,-73.467,-73.129,-72.598,-71.955,-71.357,-70.782,-70.081,-69.323,-66.891,-65.973,-65.196,-63.713,-63.083,-62.234,-61.343,-60.55,-58.771,-57.677,-57.421,-57.224,-57.061,-56.882,-56.589,-55.832,-54.091,-44.034,-34.257,-29.343,-18.178,10.614,13.773,15.276,14.793,12.741,-0.35987,-7.707,-30.349,-49.721,-56.19,-61.144,-64.291,-66.985,-69.099,-69.986,-70.811,-71.476,-72.075,-72.596,-73.016,-73.359,-73.624,-73.818,-73.886,-73.932,-73.968,-73.969,-73.938,-73.874,-73.775,-73.647,-73.479,-73.277,-72.861,-72.325,-69.892,-69.349,-68.88,-68.386,-67.965,-67.599,-67.289,-67.092,-66.914,-66.756,-66.616,-66.411,-66.105,-65.963,-65.784,-65.581,-65.338,-65.04,-63.916,-63.508,-63.315,-63.155,-63.026,-62.927,-62.843,-62.796,-62.781,-62.8,-62.793,-62.752,-62.672,-62.544,-62.365,-62.164,-61.666,-61.448,-61.287,-61.206,-61.194,-61.21,-61.255,-61.33,-61.431,-61.567,-62.243,-62.508,-62.62,-62.699,-62.745,-62.76,-62.745,-62.7,-62.624,-62.515,-62.259,-61.597,-61.46,-61.354,-61.276,-61.224,-61.198,-61.198,-61.238,-61.327,-61.467,-61.661,-61.861,-62.109,-62.977,-63.261,-63.5,-63.681,-63.818,-63.902,-63.934,-63.916,-63.845,-63.721,-63.541,-63.301,-63.042,-62.719,-60.98,-60.53,-60.142,-59.757,-59.449,-59.211,-59.039,-58.938,-58.887,-58.886,-58.934,-59.02,-59.151,-59.312,-59.778,-59.9,-59.993,-60.072,-60.114,-60.121,-60.092,-60.022,-59.91,-59.757,-59.257,-59.123,-59.027,-58.964,-58.933,-58.946,-58.929,-58.866,-58.75,-58.637,-58.494,-58.32,-58.106,-57.793,-57.427,-57.172,-56.976,-56.87,-56.764,-56.653,-56.49,-55.484,-54.241,-43.286,-34.455,-31.103,-26.621,-21.748,8.9653,12.727,13.848,13.342,11.474,-1.3508,-9.0507,-30.702,-48.566,-55.436,-60.432,-63.641,-66.201,-68.39,-69.298,-70.166,-70.925,-71.581,-72.144,-72.643,-73.072,-73.414,-73.691,-73.902,-73.997,-74.07,-74.122,-74.151,-74.16,-74.147,-74.112,-74.057,-73.88,-73.62,-73.277,-72.857,-72.472,-72.033,-71.538,-70.987,-69.904,-67.211,-66.507,-65.911,-65.302,-64.786,-64.34,-63.963,-63.741,-63.545,-63.37,-63.213,-62.989,-62.647,-62.49,-62.296,-62.077,-61.804,-61.478,-61.12,-60.141,-59.864,-59.637,-59.403,-59.22,-59.082,-58.988,-58.943,-58.925,-58.934,-58.971,-59.089,-59.456,-59.593,-59.68,-59.84,-59.94,-60.071,-60.37,-60.469,-60.532,-60.543,-60.518,-60.462,-60.379,-60.102,-60.036,-59.997,-59.984,-59.998,-60.128,-60.156,-60.145,-60.087,-59.953,-59.74,-59.49,-58.859,-58.597,-58.497,-58.432,-58.401,-58.402,-58.435,-58.5,-58.598,-58.729,-58.887,-59.086,-60.032,-60.42,-60.598,-60.743,-60.854,-60.935,-60.998,-60.997,-60.944,-60.765,-60.7,-60.665,-60.674,-60.714,-60.786,-61.154,-61.33,-61.443,-61.492,-61.488,-61.442,-61.352,-61.214,-61.049,-60.838,-60.037,-59.773,-59.658,-59.569,-59.507,-59.47,-59.458,-59.479,-59.533,-59.621,-59.722,-59.856,-60.369,-60.555,-60.705,-60.794,-60.818,-60.821,-60.801,-60.76,-60.697,-60.61,-60.501,-60.367,-60.12,-59.803,-59.448,-58.256,-57.289,-57.153,-57.012,-56.844,-56.495,-55.254,-54.048,-43.663,-33.958,-29.035,-17.943,9.7925,13.593,14.412,14.616,13.993,11.959,-1.2613,-8.4437,-30.618,-50.728,-54.779,-58.202,-61.249,-63.74,-65.299,-66.81,-68.131,-69.276,-70.316,-71.19,-71.953,-72.574,-73.115,-73.546,-73.883,-74.011,-74.119,-74.206,-74.27,-74.312,-74.331,-74.329,-74.305,-74.19,-73.987,-73.68,-73.237,-71.996,-71.395,-70.776,-69.513,-68.851,-68.382,-67.874,-66.187,-65.623,-65.079,-64.858,-64.664,-64.437,-64.255,-64.117,-64.019,-63.968,-63.938,-63.924,-63.904,-63.857,-63.777,-63.659,-63.504,-63.305,-63.062,-62.852,-62.609,-62.026,-61.416,-59.838,-59.045,-58.649,-58.298,-58.039,-57.462,-57.304,-57.213,-57.122,-56.817,-56.09,-55.217,-54.177,-43.736,-34.399,-29.704,-24.092,-17.771,10.399,13.411,14.831,14.353,12.358,-1.8434,-10.376,-30.041,-51.122,-55.455,-59.237,-62.406,-65.043,-67.312,-69.122,-70.648,-71.273,-71.863,-72.343,-72.779,-73.142,-73.45,-73.689,-73.865,-73.988,-74.054,-74.07,-74.032,-73.941,-73.791,-73.503,-73.091,-71.379,-70.645,-70.033,-69.466,-69.042,-68.605,-67.216,-66.599,-65.904,-64.117,-63.602,-63.168,-62.697,-62.279,-61.95,-61.202,-60.736,-60.304,-59.319,-58.884,-58.624,-58.413,-58.238,-58.092,-57.958,-57.828,-57.704,-57.645,-57.643,-57.706,-57.77,-57.857,-58.252,-58.381,-58.426,-58.446,-58.44,-58.408,-58.325,-58.195,-58.013,-57.785,-57.482,-57.146,-56.819,-56.673,-56.538,-56.418,-56.286,-55.946,-54.721,-53.601,-43.363,-34.239,-30.246,-25.289,-18.504,9.4095,12.827,13.543,13.695,13.07,11.12,-1.6359,-9.2771,-30.889,-49.018,-56.205,-59.08,-61.516,-64.647,-67.109,-68.111,-69.056,-69.87,-70.562,-71.171,-71.667,-72.08,-72.418,-72.664,-72.753,-72.824,-72.875,-72.906,-72.918,-72.911,-72.85,-72.723,-72.529,-72.263,-71.907,-71.477,-70.993,-70.483,-69.651,-68.72,-67.814,-65.817,-64.933,-64.517,-64.146,-63.821,-63.528,-63.231,-62.979,-62.768,-62.598,-62.471,-62.367,-62.105,-61.948,-61.824,-61.674,-61.496,-61.284,-60.975,-60.611,-60.173,-59.64,-57.34,-57.021,-56.882,-56.736,-56.396,-55.592,-53.961,-43.882,-33.994,-29.53,-18.583,10.344,14.389,15.236,15.416,13.118,-0.62548,-7.9505,-30.499,-49.659,-56.273,-61.314,-64.502,-67.123,-69.292,-70.203,-71.002,-71.697,-72.326,-72.877,-73.325,-73.698,-73.994,-74.214,-74.361,-74.438,-74.447,-74.388,-74.26,-74.064,-73.803,-73.47,-73.078,-72.708,-72.298,-71.318,-70.284,-67.595,-66.852,-66.223,-65.557,-64.993,-64.512,-64.098,-63.863,-63.654,-63.471,-63.305,-63.172,-63.045,-62.526,-62.363,-62.186,-61.976,-61.731,-60.875,-60.586,-60.326,-60.14,-60.015,-59.955,-59.961,-60.032,-60.169,-60.378,-60.609,-61.243,-61.561,-61.799,-61.996,-62.121,-62.229,-62.319,-62.388,-62.434,-62.455,-62.454,-62.429,-62.361,-62.248,-62.091,-61.886,-61.651,-61.36,-61.036,-60.107,-59.84,-59.613,-59.378,-59.185,-59.028,-58.9,-58.774,-58.568,-58.433,-58.253,-57.843,-57.712,-57.633,-57.625,-57.657,-57.717,-57.807,-57.93,-58.219,-59.045,-59.238,-59.387,-59.502,-59.571,-59.594,-59.572,-59.484,-59.326,-59.095,-58.789,-58.311,-57.719,-57.232,-57.053,-56.893,-56.779,-56.664,-56.365,-55.246,-54.045,-43.358,-34.275,-30.771,-26.016,-19.482,10.488,13.135,14.308,13.803,11.908,-1.0859,-8.8513,-30.597,-48.612,-54.85,-59.859,-63.074,-65.771,-67.963,-68.907,-69.691,-70.393,-71.05,-71.611,-72.108,-72.512,-72.846,-73.106,-73.287,-73.359,-73.409,-73.44,-73.451,-73.442,-73.414,-73.301,-73.106,-72.827,-72.462,-71.989,-71.415,-70.728,-69.062,-67.457,-64.163,-62.748,-62.019,-61.379,-60.813,-60.308,-59.897,-59.527,-59.202,-58.91,-58.632,-58.376,-58.159,-57.667,-57.513,-57.368,-57.193,-57.029,-56.873,-56.787,-56.67,-56.339,-55.458,-53.87,-43.683,-40.378,-33.998,-29.345,-24.817,-17.805,8.4765,12.163,13.251,12.732,10.855,-3.1782,-11.96,-30.313,-50.246,-55.197,-59.038,-62.199,-64.79,-66.983,-68.771,-69.564,-70.219,-70.796,-71.325,-71.768,-72.131,-72.432,-72.666,-72.792,-72.884,-72.934,-72.949,-72.927,-72.868,-72.771,-72.636,-72.386,-72.037,-70.549,-69.865,-69.244,-68.649,-68.04,-66.611,-65.824,-64.977,-63.027,-62.069,-61.542,-61.072,-60.657,-60.291,-60.063,-59.864,-59.688,-59.535,-59.407,-59.303,-59.221,-59.161,-59.11,-59.115,-59.162,-59.324,-59.359,-59.346,-59.306,-59.241,-59.148,-58.98,-58.756,-58.473,-58.129,-57.687,-57.279,-57.124,-56.994,-56.866,-56.74,-56.504,-56.007,-54.969,-53.783,-43.489,-34.207,-29.585,-25.103,-18.122,8.8102,12.698,13.897,13.417,11.552,-2.6605,-11.09,-30.611,-49.889,-54.344,-57.741,-60.769,-63.397,-65.638,-67.6,-69.182,-70.483,-71.043,-71.511,-71.953,-72.333,-72.759,-73.081,-73.212,-73.314,-73.399,-73.458,-73.494,-73.508,-73.5,-73.471,-73.342,-73.123,-72.785,-72.313,-71.665,-70.866,-70.04,-69.186,-66.523,-65.621,-65.134,-64.701,-64.312,-63.959,-63.646,-63.358,-63.095,-62.846,-62.45,-61.768,-61.451,-61.067,-60.646,-60.104,-59.394,-57.644,-57.379,-57.177,-57.055,-56.94,-56.815,-56.658,-55.662,-54.433,-43.392,-34.765,-31.449,-27.027,-22.194,9.4303,13.336,14.415,13.798,11.738,-1.5688,-9.7089,-30.512,-50.034,-54.189,-57.423,-60.392,-63.019,-65.293,-67.312,-68.958,-70.275,-71.343,-71.812,-72.197,-72.673,-73.05,-73.193,-73.314,-73.41,-73.481,-73.526,-73.545,-73.54,-73.512,-73.46,-73.382,-73.147,-72.912,-72.616,-71.736,-67.546,-66.469,-64.437,-63.679,-62.879,-62.212,-61.828,-61.475,-61.146,-60.828,-60.34,-59.455,-59.024,-58.5,-57.877,-57.462,-57.192,-57.084,-56.981,-56.87,-56.757,-56.446,-55.691,-53.968,-43.648,-34.013,-29.19,-18.435,10.197,12.907,14.097,13.559,11.586,-1.5925,-8.7043,-30.57,-50.041,-57.126,-59.943,-62.338,-65.549,-66.863,-68.038,-69.078,-70.042,-70.865,-71.561,-72.17,-72.687,-73.112,-73.456,-73.708,-73.805,-73.878,-73.931,-73.966,-73.98,-73.976,-73.924,-73.819,-73.66,-73.442,-73.165,-72.835,-72.451,-72.015,-71.468,-70.847,-67.745,-66.994,-66.315,-65.69,-65.065,-63.238,-62.533,-61.766,-60.947,-59.857,-57.537,-57.29,-57.101,-56.918,-56.743,-56.411,-55.434,-53.792,-44.053,-33.99,-28.748,-18.092,11.362,14.47,15.83,15.227,13.691,-0.30758,-7.6855,-30.535,-50.297,-56.75,-59.346,-61.84,-65.011,-67.558,-68.609,-69.617,-70.493,-71.245,-71.884,-72.446,-72.923,-73.298,-73.593,-73.815,-73.894,-73.955,-73.997,-74.018,-74.009,-73.939,-73.808,-73.616,-73.355,-73.031,-72.646,-72.192,-71.338,-70.31,-69.257,-66.363,-65.515,-64.761,-63.938,-63.181,-62.474,-61.816,-61.156,-60.56,-60.025,-59.56,-59.174,-58.856,-58.607,-58.428,-58.335,-58.278,-58.258,-58.275,-58.316,-58.383,-58.704,-58.815,-58.882,-58.884,-58.822,-58.694,-58.528,-58.075,-57.97,-57.893,-57.833,-57.809,-57.818,-57.862,-57.932,-58.031,-58.164,-58.334,-58.729,-59.811,-60.316,-60.571,-60.806,-61.025,-61.231,-61.508,-61.786,-62.046,-62.244,-62.373,-62.458,-62.502,-62.505,-62.485,-62.446,-62.311,-62.097,-61.792,-61.326,-60.692,-60.046,-58.916,-58.513,-58.297,-58.137,-58.026,-57.962,-57.947,-57.995,-58.107,-58.285,-58.488,-58.752,-59.712,-60.035,-60.301,-60.495,-60.626,-60.691,-60.692,-60.629,-60.496,-60.291,-60.014,-59.651,-59.131,-58.428,-57.503,-57.244,-57.046,-56.911,-56.773,-56.653,-56.485,-55.442,-54.371,-52.868,-43.286,-34.669,-31.226,-26.599,-21.493,9.4749,13.744,15.094,14.618,12.678,-0.68909,-8.5341,-30.774,-49.608,-56.371,-59.182,-61.606,-64.72,-67.342,-68.455,-69.437,-70.296,-71.038,-71.706,-72.261,-72.736,-73.111,-73.421,-73.647,-73.734,-73.797,-73.843,-73.868,-73.873,-73.836,-73.756,-73.636,-73.471,-73.26,-73.004,-72.69,-72.195,-71.573,-68.231,-67.3,-66.399,-65.289,-64.131,-63.025,-62.071,-61.435,-60.852,-60.31,-59.797,-58.941,-57.696,-57.383,-57.235,-57.105,-56.982,-56.824,-56.469,-55.683,-54.137,-43.805,-34.1,-29.284,-18.512,10.458,13.187,14.358,13.786,11.76,-2.215,-10.702,-30.488,-50.954,-55.606,-59.524,-62.726,-65.34,-67.547,-69.408,-70.145,-70.85,-71.463,-71.99,-72.437,-72.825,-73.137,-73.389,-73.519,-73.624,-73.704,-73.755,-73.784,-73.789,-73.771,-73.727,-73.571,-73.31,-72.934,-72.438,-71.848,-71.217,-70.566,-69.879,-69.27,-68.599,-65.759,-65.092,-64.527,-63.931,-63.419,-62.983,-62.613,-62.341,-62.087,-61.341,-60.966,-60.542,-59.732,-59.421,-59.124,-58.889,-58.658,-58.493,-58.394,-58.266,-58.194,-58.08,-57.927,-57.788,-57.624,-57.438,-57.261,-57.128,-57.006,-56.885,-56.746,-56.615,-56.468,-55.915,-55.01,-53.863,-43.714,-40.417,-34.11,-29.596,-25.252,-18.568,8.7013,12.118,12.859,13.044,12.475,10.598,-3.2389,-11.539,-30.496,-49.441,-53.884,-57.299,-60.359,-62.867,-65.185,-67.131,-68.802,-70.134,-70.74,-71.247,-71.7,-72.1,-72.39,-72.649,-72.876,-73.058,-73.212,-73.341,-73.433,-73.499,-73.533,-73.538,-73.514,-73.459,-73.378,-73.263,-72.937,-72.432,-71.737,-70.903,-70.028,-69.285,-68.481,-65.942,-65.106,-64.277,-63.592,-63.255,-62.941,-62.657,-62.386,-61.952,-61.253,-60.953,-60.595,-60.214,-59.687,-59.071,-58.305,-57.538,-57.242,-57.006,-56.796,-56.598,-56.228,-55.4,-53.661,-44.037,-33.342,-26.992,-16.385,10.508,13.599,15.078,14.617,12.624,-0.29979,-8.2163,-30.545,-49.858,-56.547,-61.511,-64.636,-67.256,-68.287,-69.278,-70.142,-70.886,-71.553,-72.106,-72.577,-72.948,-73.242,-73.468,-73.555,-73.619,-73.666,-73.693,-73.702,-73.678,-73.619,-73.527,-73.397,-73.231,-72.775,-72.192,-71.45,-70.66,-68.782,-67.855,-67.381,-66.972,-66.611,-66.298,-66.102,-65.926,-65.611,-65.355,-64.805,-64.472,-64.065,-63.113,-62.903,-62.737,-62.552,-62.491,-62.449,-62.428,-62.426,-62.444,-62.483,-62.589,-62.755,-62.949,-63.457,-63.685,-63.777,-63.843,-63.884,-63.9,-63.893,-63.865,-63.815,-63.741,-63.569,-63.114,-62.949,-62.897,-62.868,-62.863,-62.882,-62.924,-62.99,-63.082,-63.203,-63.47,-64.173,-64.335,-64.459,-64.559,-64.617,-64.632,-64.605,-64.506,-64.33,-64.077,-63.736,-63.403,-63.0,-61.476,-60.876,-60.325,-59.878,-59.528,-59.26,-59.074,-59.012,-58.97,-58.948,-58.95,-58.978,-59.031,-59.11,-59.215,-59.345,-59.504,-59.843,-60.276,-60.749,-62.025,-62.375,-62.671,-62.967,-63.209,-63.398,-63.536,-63.608,-63.657,-63.682,-63.686,-63.636,-63.443,-63.381,-63.365,-63.414,-63.509,-63.66,-63.854,-64.359,-64.591,-64.815,-65.004,-65.215,-65.378,-65.462,-65.475,-65.448,-65.39,-65.109,-65.019,-64.968,-64.916,-64.874,-64.782,-64.637,-64.501,-64.335,-64.132,-63.89,-63.392,-62.184,-61.91,-61.687,-61.493,-61.336,-61.215,-61.13,-61.083,-61.059,-61.056,-61.076,-61.161,-61.415,-61.506,-61.562,-61.564,-61.515,-61.412,-61.285,-60.953,-60.818,-60.734,-60.697,-60.705,-60.753,-60.842,-60.975,-61.125,-61.318,-62.248,-62.646,-62.826,-62.97,-63.082,-63.167,-63.23,-63.261,-63.264,-63.235,-63.246,-63.274,-63.322,-63.394,-63.758,-63.817,-63.842,-63.829,-63.773,-63.692,-63.477,-63.401,-63.366,-63.373,-63.429,-63.537,-63.673,-64.025,-64.162,-64.209,-64.234,-64.236,-64.215,-64.14,-64.009,-63.824,-63.578,-63.299,-62.958,-61.439,-61.102,-60.816,-60.516,-60.266,-60.055,-59.879,-59.745,-59.631,-59.311,-59.114,-58.864,-58.213,-58.057,-57.935,-57.828,-57.753,-57.708,-57.631,-57.588,-57.528,-57.417,-57.271,-57.123,-56.989,-56.911,-56.823,-56.722,-56.577,-55.716,-54.509,-52.755,-46.903,-43.119,-34.79,-31.738,-27.066,-21.466,7.8699,11.528,12.73,12.036,10.112,-2.888,-10.252,-30.71,-48.058,-54.817,-59.808,-63.035,-65.618,-67.836,-68.758,-69.64,-70.367,-71.041,-71.618,-72.104,-72.527,-72.879,-73.15,-73.363,-73.508,-73.554,-73.582,-73.585,-73.515,-73.374,-73.156,-72.864,-72.502,-72.115,-71.674,-71.172,-70.609,-69.436,-67.132,-66.206,-65.279,-64.484,-64.044,-63.645,-63.28,-62.941,-62.63,-62.351,-62.099,-61.87,-61.564,-61.318,-61.131,-60.997,-60.927,-60.884,-60.853,-60.815,-60.724,-60.577,-60.406,-60.18,-59.941,-59.351,-59.081,-58.865,-58.722,-58.665,-58.635,-58.63,-58.65,-58.695,-58.767,-58.864,-58.988,-59.277,-59.66,-60.086,-61.141,-61.406,-61.617,-61.823,-61.973,-62.067,-62.11,-62.099,-62.032,-61.907,-61.721,-61.515,-61.253,-60.197,-59.794,-59.604,-59.449,-59.319,-59.218,-59.151,-59.103,-59.059,-59.072,-59.163,-59.188,-59.182,-59.137,-59.052,-58.923,-58.402,-58.241,-58.127,-58.077,-58.087,-58.16,-58.293,-58.648,-58.787,-58.889,-58.926,-58.902,-58.815,-58.691,-58.349,-58.214,-58.173,-58.155,-58.16,-58.187,-58.251,-58.352,-58.911,-59.032,-59.125,-59.194,-59.244,-59.328,-59.371,-59.44,-59.538,-59.675,-59.854,-60.49,-60.669,-60.804,-60.894,-60.953,-60.939,-60.904,-60.851,-60.688,-60.535,-60.342,-60.11,-59.83,-59.333,-58.254,-57.41,-57.184,-56.999,-56.814,-56.468,-55.259,-53.795,-43.801,-33.935,-28.971,-17.757,10.066,13.782,14.56,14.727,14.063,11.992,-1.9203,-10.517,-30.668,-50.337,-54.832,-58.237,-61.266,-63.892,-66.244,-68.173,-69.792,-71.104,-71.646,-72.159,-72.579,-72.961,-73.366,-73.676,-73.803,-73.903,-73.984,-74.041,-74.082,-74.101,-74.101,-74.079,-73.976,-73.787,-73.612,-73.397,-72.811,-72.19,-69.937,-69.169,-68.427,-67.665,-65.332,-62.337,-61.596,-60.975,-60.468,-60.015,-59.596,-59.199,-58.685,-58.157,-57.776,-57.286,-57.217,-57.146,-57.065,-56.959,-56.671,-56.093,-55.174,-54.28,-43.757,-40.519,-34.333,-29.352,-24.843,-17.871,8.3057,12.029,13.166,12.684,10.848,-1.8279,-9.3989,-30.707,-50.169,-54.496,-58.075,-60.997,-63.711,-65.307,-66.726,-67.978,-69.137,-70.125,-71.005,-71.766,-72.385,-72.902,-73.333,-73.674,-73.809,-73.924,-74.017,-74.085,-74.135,-74.167,-74.178,-74.17,-74.092,-73.968,-73.788,-73.542,-73.218,-72.783,-72.281,-71.751,-71.213,-70.51,-69.736,-67.245,-66.307,-63.45,-62.612,-61.748,-60.938,-58.941,-57.559,-57.364,-57.201,-57.047,-56.892,-56.565,-55.648,-53.897,-43.791,-34.083,-29.046,-17.485,11.204,14.086,15.276,14.626,13.088,-1.3565,-10.483,-30.05,-51.74,-56.932,-61.212,-64.337,-67.017,-69.121,-70.004,-70.826,-71.526,-72.116,-72.629,-73.043,-73.38,-73.641,-73.826,-73.893,-73.94,-73.974,-73.977,-73.947,-73.886,-73.793,-73.665,-73.31,-72.91,-72.398,-70.047,-69.514,-69.055,-68.576,-68.163,-67.803,-67.492,-67.296,-67.12,-66.963,-66.823,-66.615,-66.297,-66.151,-65.969,-65.761,-65.513,-65.211,-64.057,-63.636,-63.437,-63.275,-63.144,-63.042,-62.959,-62.91,-62.892,-62.904,-62.895,-62.851,-62.769,-62.641,-62.459,-62.258,-61.757,-61.538,-61.375,-61.292,-61.28,-61.295,-61.341,-61.415,-61.515,-61.65,-62.324,-62.588,-62.699,-62.778,-62.824,-62.838,-62.823,-62.778,-62.701,-62.593,-62.337,-61.678,-61.541,-61.435,-61.357,-61.306,-61.28,-61.278,-61.318,-61.407,-61.548,-61.741,-61.941,-62.189,-63.055,-63.339,-63.577,-63.757,-63.895,-63.978,-64.01,-63.991,-63.919,-63.794,-63.614,-63.376,-63.118,-62.796,-61.064,-60.616,-60.232,-59.851,-59.543,-59.305,-59.133,-59.032,-58.98,-58.978,-59.025,-59.112,-59.242,-59.401,-59.864,-59.987,-60.078,-60.157,-60.198,-60.203,-60.173,-60.103,-59.992,-59.841,-59.339,-59.206,-59.111,-59.048,-59.017,-59.031,-59.013,-58.949,-58.831,-58.718,-58.574,-58.397,-58.184,-57.848,-57.441,-57.182,-56.996,-56.9,-56.797,-56.692,-56.538,-55.56,-54.366,-52.88,-43.471,-34.629,-30.843,-26.204,-21.135,8.3457,12.448,13.855,13.73,13.182,11.174,-1.6899,-9.3128,-30.926,-48.789,-55.262,-60.324,-63.414,-66.151,-68.36,-69.276,-70.152,-70.917,-71.579,-72.146,-72.649,-73.082,-73.428,-73.707,-73.919,-74.015,-74.085,-74.136,-74.167,-74.178,-74.167,-74.083,-73.916,-73.662,-73.33,-72.923,-72.546,-72.114,-71.628,-71.086,-70.014,-67.346,-66.642,-66.046,-65.437,-64.921,-64.475,-64.098,-63.875,-63.679,-63.503,-63.348,-63.12,-62.771,-62.613,-62.419,-62.198,-61.923,-61.591,-61.231,-60.245,-59.967,-59.739,-59.503,-59.316,-59.176,-59.082,-59.037,-59.019,-59.029,-59.065,-59.182,-59.539,-59.672,-59.758,-59.915,-60.014,-60.145,-60.442,-60.54,-60.602,-60.612,-60.587,-60.532,-60.448,-60.171,-60.106,-60.067,-60.054,-60.067,-60.198,-60.226,-60.215,-60.157,-60.025,-59.813,-59.564,-58.935,-58.677,-58.578,-58.514,-58.482,-58.484,-58.517,-58.582,-58.68,-58.811,-58.971,-59.169,-60.105,-60.491,-60.669,-60.813,-60.923,-61.004,-61.067,-61.065,-61.011,-60.832,-60.766,-60.731,-60.74,-60.78,-60.852,-61.219,-61.394,-61.508,-61.556,-61.552,-61.505,-61.415,-61.278,-61.116,-60.905,-60.104,-59.843,-59.728,-59.639,-59.577,-59.54,-59.528,-59.548,-59.603,-59.69,-59.791,-59.923,-60.438,-60.623,-60.773,-60.861,-60.885,-60.887,-60.867,-60.826,-60.762,-60.675,-60.566,-60.433,-60.203,-59.919,-59.557,-58.672,-58.277,-57.942,-57.445,-57.301,-57.173,-57.029,-56.845,-56.562,-55.185,-53.865,-43.891,-33.827,-28.817,-17.46,10.168,13.117,14.571,14.182,12.346,-0.80908,-8.6157,-30.754,-50.827,-54.85,-58.249,-61.279,-63.758,-65.311,-66.817,-68.134,-69.276,-70.314,-71.186,-71.948,-72.569,-73.109,-73.54,-73.877,-74.006,-74.114,-74.2,-74.265,-74.307,-74.325,-74.324,-74.3,-74.186,-73.979,-73.673,-73.245,-72.063,-71.494,-70.896,-69.659,-69.002,-68.527,-68.006,-66.294,-65.722,-65.178,-64.956,-64.761,-64.534,-64.352,-64.216,-64.117,-64.065,-64.033,-64.013,-63.992,-63.943,-63.863,-63.746,-63.591,-63.396,-63.154,-62.946,-62.703,-62.121,-61.512,-59.884,-59.444,-59.058,-58.648,-58.289,-58.025,-57.602,-57.466,-57.312,-57.145,-56.851,-56.135,-55.282,-54.289,-43.883,-34.215,-29.411,-18.61,10.843,13.599,14.745,14.126,12.649,-1.4733,-10.098,-30.238,-50.803,-55.195,-59.032,-62.244,-64.911,-67.205,-69.035,-70.576,-71.208,-71.804,-72.316,-72.751,-73.114,-73.422,-73.642,-73.817,-73.94,-74.016,-74.043,-74.024,-73.958,-73.842,-73.601,-73.251,-72.824,-71.564,-70.914,-70.248,-69.645,-69.223,-68.791,-67.359,-66.692,-66.0,-64.397,-63.97,-63.599,-63.302,-63.031,-62.777,-62.541,-62.148,-61.349,-60.92,-60.439,-59.387,-58.961,-58.704,-58.493,-58.321,-58.179,-58.05,-57.928,-57.806,-57.748,-57.746,-57.807,-57.87,-57.956,-58.343,-58.468,-58.512,-58.53,-58.523,-58.49,-58.404,-58.27,-58.083,-57.848,-57.539,-57.19,-56.85,-56.696,-56.563,-56.327,-56.031,-55.013,-53.869,-43.303,-34.175,-30.135,-25.095,-18.183,9.7648,12.465,13.768,13.043,11.021,-1.7794,-9.3875,-30.495,-49.127,-56.288,-58.919,-61.397,-64.446,-66.979,-68.007,-68.977,-69.811,-70.556,-71.172,-71.674,-72.091,-72.434,-72.684,-72.774,-72.847,-72.901,-72.934,-72.947,-72.94,-72.878,-72.755,-72.566,-72.307,-71.958,-71.542,-71.071,-70.575,-69.742,-68.817,-67.91,-65.908,-65.023,-64.597,-64.226,-63.901,-63.608,-63.316,-63.063,-62.851,-62.68,-62.552,-62.447,-62.18,-62.02,-61.895,-61.744,-61.565,-61.352,-61.054,-60.698,-60.276,-59.762,-57.354,-57.041,-56.906,-56.766,-56.449,-55.531,-53.764,-44.096,-34.195,-29.216,-17.851,11.008,14.05,15.427,14.888,12.807,-0.26375,-7.6675,-30.722,-49.876,-56.417,-61.404,-64.566,-67.168,-69.324,-70.23,-71.025,-71.716,-72.342,-72.89,-73.336,-73.707,-74.001,-74.22,-74.365,-74.44,-74.447,-74.388,-74.262,-74.071,-73.809,-73.482,-73.098,-72.737,-72.328,-71.359,-70.338,-67.665,-66.923,-66.294,-65.629,-65.065,-64.584,-64.171,-63.936,-63.727,-63.544,-63.377,-63.12,-62.598,-62.434,-62.254,-62.043,-61.797,-60.94,-60.65,-60.389,-60.203,-60.077,-60.018,-60.023,-60.094,-60.23,-60.438,-60.668,-61.299,-61.616,-61.852,-62.051,-62.174,-62.283,-62.372,-62.441,-62.485,-62.506,-62.504,-62.479,-62.409,-62.297,-62.139,-61.934,-61.699,-61.412,-60.169,-59.903,-59.676,-59.444,-59.251,-59.095,-58.968,-58.839,-58.634,-58.502,-58.326,-57.927,-57.8,-57.723,-57.717,-57.748,-57.809,-57.901,-58.028,-58.319,-59.13,-59.319,-59.462,-59.574,-59.64,-59.661,-59.638,-59.547,-59.387,-59.155,-58.844,-58.352,-57.735,-57.239,-57.06,-56.901,-56.786,-56.668,-56.354,-55.355,-54.253,-43.239,-34.54,-30.626,-25.778,-19.101,9.6314,13.323,14.122,14.323,13.724,11.748,-1.2745,-8.9962,-30.716,-48.731,-54.936,-59.916,-63.116,-65.802,-67.986,-68.926,-69.708,-70.408,-71.063,-71.623,-72.118,-72.521,-72.854,-73.114,-73.294,-73.366,-73.416,-73.447,-73.458,-73.449,-73.421,-73.308,-73.113,-72.835,-72.469,-72.003,-71.438,-70.767,-69.125,-67.535,-64.245,-62.811,-62.065,-61.419,-60.85,-60.342,-59.936,-59.575,-59.255,-58.967,-58.693,-58.444,-58.229,-57.726,-57.562,-57.4,-57.207,-57.024,-56.933,-56.845,-56.757,-56.638,-56.298,-55.409,-53.78,-43.578,-33.893,-29.17,-18.823,8.7931,12.293,13.047,13.229,12.631,10.689,-3.3372,-12.079,-30.425,-50.327,-55.248,-59.066,-62.212,-64.792,-66.978,-68.823,-69.603,-70.248,-70.817,-71.338,-71.775,-72.133,-72.431,-72.663,-72.788,-72.88,-72.933,-72.947,-72.922,-72.859,-72.758,-72.613,-72.371,-72.044,-70.673,-70.036,-69.463,-68.91,-68.283,-66.852,-66.148,-65.271,-63.239,-62.235,-61.675,-61.183,-60.749,-60.369,-60.146,-59.948,-59.775,-59.626,-59.5,-59.397,-59.315,-59.255,-59.201,-59.202,-59.246,-59.397,-59.427,-59.41,-59.368,-59.3,-59.203,-59.029,-58.8,-58.511,-58.156,-57.696,-57.279,-57.124,-56.992,-56.871,-56.743,-56.493,-56.081,-55.075,-53.988,-43.323,-34.072,-29.955,-24.749,-18.993,9.3266,12.94,13.718,13.907,13.3,11.326,-2.2649,-10.781,-30.299,-49.596,-54.119,-57.571,-60.643,-63.304,-65.57,-67.551,-69.149,-70.462,-71.028,-71.5,-71.946,-72.33,-72.761,-73.097,-73.228,-73.33,-73.416,-73.474,-73.511,-73.526,-73.519,-73.488,-73.36,-73.137,-72.799,-72.334,-71.699,-70.933,-70.126,-69.284,-66.62,-65.716,-65.227,-64.788,-64.397,-64.044,-63.731,-63.447,-63.182,-62.936,-62.536,-61.849,-61.529,-61.146,-60.722,-60.201,-59.536,-57.625,-57.371,-57.176,-57.062,-56.948,-56.824,-56.668,-55.676,-54.457,-52.905,-47.466,-43.427,-34.807,-31.511,-27.128,-21.143,9.2424,13.245,14.407,13.835,11.813,-1.4836,-10.148,-30.438,-49.954,-54.124,-57.37,-60.35,-62.985,-65.265,-67.29,-68.94,-70.261,-71.333,-71.803,-72.189,-72.667,-73.046,-73.19,-73.311,-73.409,-73.481,-73.527,-73.546,-73.543,-73.513,-73.459,-73.38,-73.145,-72.893,-72.563,-71.555,-68.701,-67.685,-66.596,-64.531,-63.754,-62.947,-62.274,-61.896,-61.548,-61.22,-60.906,-60.424,-59.523,-59.077,-58.527,-57.847,-57.449,-57.197,-56.997,-56.89,-56.782,-56.49,-55.751,-54.106,-43.827,-40.431,-34.181,-29.478,-24.868,-17.64,9.6371,12.601,14.083,13.704,11.863,-1.2834,-8.9861,-30.342,-49.824,-56.992,-59.841,-62.259,-65.377,-66.723,-67.925,-68.987,-69.917,-70.768,-71.487,-72.117,-72.63,-73.059,-73.415,-73.681,-73.783,-73.867,-73.929,-73.972,-73.997,-74.003,-73.968,-73.878,-73.73,-73.526,-73.262,-72.937,-72.557,-72.123,-71.576,-70.955,-67.868,-67.116,-66.443,-65.817,-65.197,-63.366,-62.664,-61.91,-61.096,-60.144,-57.535,-57.301,-57.114,-56.933,-56.76,-56.433,-55.461,-53.843,-44.112,-34.057,-28.868,-23.586,-16.767,11.125,14.342,15.825,15.288,13.15,-0.18675,-7.5919,-30.445,-50.21,-56.693,-61.603,-64.706,-67.35,-68.438,-69.412,-70.274,-71.071,-71.748,-72.315,-72.806,-73.198,-73.514,-73.762,-73.928,-73.982,-74.018,-74.032,-73.981,-73.866,-73.687,-73.443,-73.129,-72.751,-72.301,-71.463,-70.428,-69.365,-66.437,-65.58,-64.816,-63.994,-63.231,-62.518,-61.854,-61.212,-60.624,-60.097,-59.643,-59.262,-58.949,-58.704,-58.526,-58.433,-58.377,-58.356,-58.37,-58.409,-58.475,-58.786,-58.893,-58.957,-58.956,-58.893,-58.764,-58.597,-58.148,-58.042,-57.964,-57.904,-57.88,-57.888,-57.931,-58.002,-58.103,-58.237,-58.408,-58.803,-59.875,-60.376,-60.628,-60.861,-61.078,-61.283,-61.557,-61.838,-62.096,-62.292,-62.419,-62.502,-62.545,-62.548,-62.488,-62.352,-62.138,-61.835,-61.37,-60.74,-60.1,-58.977,-58.575,-58.362,-58.202,-58.092,-58.028,-58.013,-58.061,-58.174,-58.354,-58.554,-58.816,-59.773,-60.093,-60.357,-60.547,-60.677,-60.742,-60.743,-60.68,-60.545,-60.339,-60.057,-59.692,-59.166,-58.442,-57.491,-57.241,-57.042,-56.904,-56.777,-56.653,-56.475,-55.405,-54.288,-43.578,-34.556,-31.062,-26.333,-21.099,9.9377,13.961,15.103,14.516,12.482,-1.5844,-10.762,-30.427,-50.693,-55.484,-59.503,-62.593,-65.292,-67.468,-69.333,-70.106,-70.797,-71.409,-71.942,-72.423,-72.824,-73.151,-73.421,-73.643,-73.795,-73.842,-73.872,-73.878,-73.814,-73.677,-73.468,-73.183,-72.603,-71.803,-70.982,-68.279,-67.38,-66.523,-65.618,-64.673,-63.712,-62.833,-62.137,-61.513,-60.94,-60.413,-59.775,-59.156,-58.581,-57.677,-57.42,-57.262,-57.125,-56.984,-56.826,-56.471,-55.685,-54.139,-43.812,-34.124,-29.331,-18.632,10.324,13.1,14.33,13.792,11.796,-1.4959,-10.162,-30.442,-50.446,-54.878,-58.235,-61.42,-64.11,-66.355,-68.28,-69.865,-70.528,-71.126,-71.656,-72.12,-72.52,-72.875,-73.099,-73.293,-73.455,-73.579,-73.676,-73.748,-73.79,-73.803,-73.79,-73.749,-73.679,-73.58,-73.295,-72.875,-72.307,-71.633,-70.927,-70.182,-69.53,-68.81,-65.803,-65.122,-64.54,-63.941,-63.429,-62.997,-62.624,-62.386,-62.155,-61.433,-61.063,-60.629,-59.802,-59.49,-59.187,-58.949,-58.72,-58.556,-58.456,-58.326,-58.252,-58.135,-57.975,-57.829,-57.654,-57.453,-57.266,-57.129,-57.009,-56.892,-56.746,-56.499,-55.96,-55.069,-53.968,-43.423,-34.224,-29.782,-25.529,-18.991,8.3476,11.971,13.068,12.591,10.789,-2.4011,-9.8706,-30.344,-50.64,-54.818,-58.272,-61.289,-64.013,-65.512,-66.94,-68.175,-69.294,-70.232,-71.049,-71.74,-72.308,-72.759,-72.946,-73.111,-73.244,-73.355,-73.444,-73.51,-73.552,-73.572,-73.568,-73.542,-73.492,-73.42,-73.203,-73.007,-72.767,-72.128,-71.278,-70.341,-69.555,-68.709,-66.097,-65.271,-64.479,-63.821,-63.468,-63.15,-62.85,-62.574,-62.106,-61.325,-60.972,-60.534,-60.044,-59.622,-59.139,-58.581,-57.97,-57.498,-57.146,-56.887,-56.642,-56.325,-55.405,-53.653,-43.566,-34.128,-29.158,-17.877,10.619,13.675,15.111,14.623,12.604,-0.33834,-8.2441,-30.567,-49.412,-56.263,-61.139,-64.239,-66.893,-68.971,-69.841,-70.649,-71.299,-71.884,-72.392,-72.8,-73.132,-73.389,-73.576,-73.688,-73.727,-73.728,-73.691,-73.614,-73.5,-73.346,-73.152,-72.909,-72.337,-71.587,-70.777,-68.809,-68.281,-67.827,-67.333,-66.905,-66.538,-66.218,-65.87,-65.576,-65.356,-64.838,-64.659,-64.466,-64.088,-63.223,-63.027,-62.868,-62.689,-62.567,-62.496,-62.475,-62.49,-62.528,-62.59,-62.677,-62.907,-63.447,-63.652,-63.822,-63.916,-63.939,-63.936,-63.907,-63.854,-63.778,-63.675,-63.333,-63.611,-63.9,-64.245,-64.623,-65.038,-65.471,-66.337,-67.153,-67.93,-68.668,-69.366,-69.987,-70.563,-71.107,-71.612,-72.08,-72.519,-72.925,-73.301,-73.557,-73.799,-74.027,-74.24,-74.441,-74.63,-74.807,-74.972,-75.269,-75.524,-75.74,-75.918,-76.017,-76.102,-76.171,-76.227,-76.296,-76.316,-76.275,-76.102,-76.021,-75.907,-75.825,-75.769
