0.0,0.0078125,99.9921875,100.0,100.0078125,699.9921875
0.0,46.527,46.527,0.0,46.527,46.527
